-3.080532604298502127e-06
-2.685817507599502240e-06
-2.803025321273002472e-06
-2.702018778317002357e-06
-2.724812290223001806e-06
-2.643843180936002254e-06
-2.745222166897002527e-06
-2.806153842515002787e-06
-2.731590752914002911e-06
-2.527156787469502075e-06
-2.743210974670002265e-06
-2.835092664003502309e-06
-2.915316887280502391e-06
-2.668908595172502839e-06
-2.874124690927502483e-06
-2.790809190709002272e-06
-2.936024718358502477e-06
-2.775650760405502684e-06
-2.888240280817002390e-06
-2.745296655498002051e-06
-2.814422077226001985e-06
-2.764924401861502694e-06
-2.688238387132002423e-06
-3.017329026350002425e-06
-2.786935783457002487e-06
-2.705408009662502274e-06
-2.939115995300002183e-06
-2.636692275240002261e-06
-2.402537357996501824e-06
-2.408533690377002003e-06
-2.392369663960002495e-06
-2.576393752730502610e-06
-2.598107179922002192e-06
-2.382686145830002187e-06
-2.598218912823502324e-06
-2.413114739338501920e-06
-2.281642358573502310e-06
-2.310320469958502230e-06
-2.477510134903002043e-06
-2.277359264016002182e-06
-2.597995447020502907e-06
-2.460861932579502244e-06
-2.529167979696502338e-06
-2.549913055075002609e-06
-2.422127860059502281e-06
-2.551477315696002343e-06
-2.288532554166002277e-06
-2.557622625278502416e-06
-2.412928517836002264e-06
-2.705631475465502115e-06
-2.547715641345502267e-06
-2.809170630855502122e-06
-2.489949731270002084e-06
-2.523693067523002211e-06
-2.698853012774502281e-06
-2.790138793300002326e-06
-2.641571278605501965e-06
-2.732149417421502302e-06
-2.640081506585502602e-06
-2.603582092095502319e-06
-2.788686265580502301e-06
-2.571216794961001847e-06
-2.718108316133002342e-06
-2.657176640515002506e-06
-2.583470169825502233e-06
-2.469651587497502342e-06
-2.491290526088002400e-06
-2.457174746830002539e-06
-2.519409972965502082e-06
-2.281530625672002602e-06
-2.365777233403001938e-06
-2.480154480238502491e-06
-2.371885298685002250e-06
-2.104284999592502322e-06
-2.305329733691501970e-06
-2.337285343520502522e-06
-2.385591201269002237e-06
-2.515089634107502616e-06
-2.356615135480002530e-06
-2.374231689616502486e-06
-2.412146387525502609e-06
-2.480266213140002199e-06
-2.320748874098502008e-06
-2.356205448174502186e-06
-2.252666292784502179e-06
-2.478701952519002465e-06
-2.505666826081002334e-06
-2.380265266297502427e-06
-2.366522119413002255e-06
-2.190282089447002319e-06
-2.311549531875002414e-06
-2.396801735719502094e-06
-2.329054353110001815e-06
-2.484027887490502275e-06
-2.412630563432002052e-06
-2.467938349674502290e-06
-2.512259067269502513e-06
-2.614271206339002547e-06
-2.520750767783501975e-06
-2.487715073240002404e-06
-2.423654876380002254e-06
-2.334715486786002445e-06
-2.258066716357002359e-06
-2.533376585653002519e-06
-2.617250750379002121e-06
-2.638331024462001942e-06
-2.692037305783002261e-06
-2.790809190709002272e-06
-2.764477470255502588e-06
-2.604773909711502318e-06
-2.749095574149002736e-06
-2.729393339184502146e-06
-2.767866701601002506e-06
