2.297789979752503653e-01
4.777480780132239424e+00
1.004014756208282044e+01
1.529617088175050377e+01
2.055963791925198692e+01
2.581714849225262753e+01
3.100893826441474133e+01
3.627604445285719237e+01
4.153583508357269949e+01
4.685014591788171145e+01
5.211861418001786461e+01
5.737612624325230826e+01
6.263710906100826747e+01
6.788398830607570744e+01
7.308351388189653619e+01
7.834459803555093060e+01
8.360383727976021362e+01
8.886261306125751958e+01
9.412067949146577917e+01
9.938155203192047793e+01
1.046370984767719960e+02
1.098923230311225581e+02
1.151551522485573855e+02
1.204235668622767577e+02
1.256714117788469736e+02
1.308710729659436254e+02
1.361107305380135699e+02
1.413698535439864088e+02
1.466254312837477300e+02
1.518884214464330284e+02
1.571416729312316249e+02
1.623330126527859818e+02
1.675982918145889471e+02
1.729220000632442975e+02
1.781718851098874836e+02
1.834410209967662979e+02
1.887059857192373329e+02
1.939589749228870801e+02
1.992089627956625009e+02
2.044051115016912945e+02
2.096695829567742919e+02
2.149932286156100361e+02
2.202495320992322263e+02
2.255143492885569856e+02
2.307715901292397689e+02
2.360227537964838405e+02
2.412795654498319777e+02
2.464750897478982949e+02
2.517459289720111428e+02
2.569961910478058940e+02
2.622614567975046498e+02
2.675081676461526285e+02
2.727747120164523267e+02
2.780309916563336401e+02
2.832946479535278286e+02
2.885538469614244832e+02
2.938175017683848296e+02
2.990782133635890432e+02
3.043413570203558152e+02
3.095308697152706827e+02
3.147981100247551467e+02
3.200637080965914834e+02
3.253189028462660417e+02
3.305725835183992558e+02
3.358477354791309608e+02
3.411605411773013543e+02
3.464241453163125470e+02
3.516214474633028431e+02
3.568942985030465138e+02
3.621569086561126483e+02
3.674092093717465559e+02
3.726688614107185913e+02
3.779495331974475221e+02
3.831404780070448055e+02
3.883975072345278363e+02
3.936643153762101406e+02
3.989066359960816612e+02
4.041765810799142287e+02
4.094403387130068381e+02
4.147069620656978941e+02
4.199668152862329293e+02
4.252389495235184995e+02
4.304949758236538173e+02
4.357635662849616551e+02
4.410229813767593896e+02
4.462947564676989600e+02
4.515576795698632964e+02
4.568193359732969725e+02
4.620860904665626094e+02
4.673630009031788859e+02
4.726176934440626951e+02
4.778857056946558828e+02
4.831529311018023236e+02
4.884212682233640521e+02
4.936842419934775421e+02
4.989496448446860200e+02
5.042154768832290301e+02
5.094345647581497474e+02
5.146973537392719891e+02
5.199624332097457682e+02
5.252249956753302058e+02
5.304758911004902302e+02
5.357424175879841641e+02
5.410094373428662493e+02
5.462164274997941220e+02
5.515570484118519516e+02
5.568247044965669375e+02
5.620920014349358098e+02
5.673595889688957641e+02
5.726311300931287178e+02
5.779011005109358621e+02
5.831742034001918000e+02
5.883704087351048884e+02
