-5.124234097363999972e-04
-5.885562457951840727e-04
-6.770941600669981141e-04
-7.699073338312020613e-04
-8.650883693738640372e-04
-9.592059743372600457e-04
-1.052874162802747929e-03
-1.146321362738681815e-03
-1.242510591027519949e-03
-1.338080411641870068e-03
-1.433796603214609975e-03
-1.528747202140441760e-03
-1.624349570299542158e-03
-1.719307534269785961e-03
-1.811991298996064011e-03
-1.904282819311612241e-03
-1.994885066258843959e-03
-2.084127904554151922e-03
-2.172096143799855800e-03
-2.259718746718911934e-03
-2.346120463336499960e-03
-2.431701200685313941e-03
-2.517341713924886419e-03
-2.601908902131588180e-03
-2.685997808817838090e-03
-2.768955251256995705e-03
-2.852346822147327609e-03
-2.935105036415421812e-03
-3.018143680329082174e-03
-3.101231833707956270e-03
-3.183843342242913699e-03
-3.265112441243606025e-03
-3.347665215409238292e-03
-3.430491202964800271e-03
-3.511707853921952008e-03
-3.593378087462740112e-03
-3.675399276528918020e-03
-3.756595841001310419e-03
-3.837368841025623999e-03
-3.917703881287782144e-03
-3.998773119765112495e-03
-4.080495168997142624e-03
-4.161277319531180713e-03
-4.243031544336020242e-03
-4.323890804653220295e-03
-4.405325059195271814e-03
-4.485658313992118770e-03
-4.564851326004088286e-03
-4.645474830505716413e-03
-4.726035546143873139e-03
-4.807090872870645529e-03
-4.888272781648603411e-03
-4.969421882501450297e-03
-5.050270578815554447e-03
-5.131224134019545663e-03
-5.212189852705971689e-03
-5.293550122029157777e-03
-5.374927167286837858e-03
-5.456006411809354202e-03
-5.535898842660106657e-03
-5.617408161139650184e-03
-5.699063887774778910e-03
-5.780561898307346944e-03
-5.861939799100488076e-03
-5.943467455796673862e-03
-6.026711502615602484e-03
-6.109444571580552319e-03
-6.191197866455542577e-03
-6.274978110825980837e-03
-6.358623961734496607e-03
-6.442308944091100324e-03
-6.525517876758892694e-03
-6.609600162344610175e-03
-6.693237569490089085e-03
-6.776322672699054868e-03
-6.861315768777056547e-03
-6.945697268591310460e-03
-7.031013980257112481e-03
-7.115627925336672106e-03
-7.201188018242816839e-03
-7.286676134578571121e-03
-7.371093566882228228e-03
-7.456369250043047917e-03
-7.541791415753840155e-03
-7.627943985566016695e-03
-7.714642944960859415e-03
-7.800476548834485435e-03
-7.886718577898230165e-03
-7.972967562837255176e-03
-8.059920913841864959e-03
-8.145491384765134180e-03
-8.233530112693468461e-03
-8.321134712170627154e-03
-8.410813092410481667e-03
-8.499782159357949576e-03
-8.589153848733271576e-03
-8.678090182150021911e-03
-8.767638037436128323e-03
-8.858026586503831359e-03
-8.949513977879486673e-03
-9.040787596981224652e-03
-9.132589751012507376e-03
-9.225416166977777263e-03
-9.317915098847070685e-03
-9.410257728107171774e-03
-9.505564415771166828e-03
-9.599458725978980006e-03
-9.693232517278233679e-03
-9.787835880398077296e-03
-9.883944130395576691e-03
-9.979357239231606211e-03
-1.007499271289336550e-02
-1.016949683389961438e-02
