-1.569647162176311195e-03
-1.500198719768947682e-03
-1.419869231877561025e-03
-1.334572850895723254e-03
-1.247665496102977507e-03
-1.160052611857578233e-03
-1.073650610966638604e-03
-9.867022976348430955e-04
-8.985905383838146358e-04
-8.105197749068715225e-04
-7.218874698595532241e-04
-6.336538031022975271e-04
-5.454590841921751329e-04
-4.577473781625584982e-04
-3.720546302278230255e-04
-2.875034340114465074e-04
-2.034826508757675361e-04
-1.206885759846360382e-04
-3.988449033076650824e-05
4.129213185328050852e-05
1.205434792917645218e-04
1.998730203047985755e-04
2.774436154758480144e-04
3.561976890152295742e-04
4.327363896474675287e-04
5.100674518351455862e-04
5.859997054441949465e-04
6.630378768426300811e-04
7.388937986289045596e-04
8.152239458273071110e-04
8.908584308574631115e-04
9.658513562259541090e-04
1.042190961123373510e-03
1.118069596281303160e-03
1.192651633033051843e-03
1.269279064754886459e-03
1.343992429476843428e-03
1.419156933888918214e-03
1.493658319553773772e-03
1.567508054862343844e-03
1.642854638598013894e-03
1.717590753926661294e-03
1.792774992907551334e-03
1.867055537576856571e-03
1.941062702615520578e-03
2.015415930074121020e-03
2.089906480343646684e-03
2.162849840418075084e-03
2.237506980236427401e-03
2.311579865112748603e-03
2.385917379386369094e-03
2.460135145785820928e-03
2.534538491602204499e-03
2.608672963227243440e-03
2.683315581381750387e-03
2.758349576994397791e-03
2.832693570164194780e-03
2.907488963669358460e-03
2.982984599252135050e-03
3.057249132856175011e-03
3.132134560677177389e-03
3.207539231068227189e-03
3.282209663794253413e-03
3.356943247140486714e-03
3.432635074125312512e-03
3.509454862040540038e-03
3.585664702839242227e-03
3.660891836581027861e-03
3.738300533817723488e-03
3.814535955085814230e-03
3.891552976984084724e-03
3.968296544781643904e-03
4.046374616251523053e-03
4.122889858811396371e-03
4.200398085297983239e-03
4.278795372727204303e-03
4.357313413376550683e-03
4.434675976404262032e-03
4.513440624693725207e-03
4.591948202298096887e-03
4.670105286513306919e-03
4.749409582172271771e-03
4.827595523539993973e-03
4.907150559928016159e-03
4.986133219350332400e-03
5.065317878840235565e-03
5.144680596269900208e-03
5.224330619233482319e-03
5.304823196580359806e-03
5.385125093310440259e-03
5.463879427495070204e-03
5.544466954182471381e-03
5.625943169462152213e-03
5.707414171836861644e-03
5.789899679988805108e-03
5.872347059464395197e-03
5.954814285213908161e-03
6.036970933532316563e-03
6.120380987615723495e-03
6.204901427692776673e-03
6.289891103687201765e-03
6.373846911685932329e-03
6.459776176566164006e-03
6.544608832415885723e-03
6.630468505014767457e-03
6.719020605795618557e-03
6.806073437872062551e-03
6.892693859481245806e-03
6.980089067709112707e-03
7.068240333332805742e-03
7.156313070266630272e-03
7.245602201340169655e-03
7.333550982840814254e-03
