7.687074407121745291e-04
8.070292365822656199e-04
8.512700788899596688e-04
8.895603726655421572e-04
9.283176933605381560e-04
9.655050790953236808e-04
1.002765511009111191e-03
1.039983543409628676e-03
1.077818339958002856e-03
1.115147057403688283e-03
1.152986614599165989e-03
1.189994769408997009e-03
1.227424501835420838e-03
1.265016765729379093e-03
1.303241340259393265e-03
1.343411085442057160e-03
1.385585211825727039e-03
1.428907174857238158e-03
1.473520240260376129e-03
1.518832376936692270e-03
1.565069641238515290e-03
1.611860628306622341e-03
1.659369654851212267e-03
1.707358576939418731e-03
1.755930715490420548e-03
1.804777521063790236e-03
1.853558607391591392e-03
1.903364125468084110e-03
1.953196905687758656e-03
2.002967090836526697e-03
2.053221560250459779e-03
2.103265854533263157e-03
2.154370992076592387e-03
2.205730117581431501e-03
2.257133985730537269e-03
2.308328348214511595e-03
2.359123337037526223e-03
2.411154457635139407e-03
2.462666035424972925e-03
2.514182485439576346e-03
2.566265861577667583e-03
2.619042730105610763e-03
2.671291613115676401e-03
2.724118022127545655e-03
2.776447055094713977e-03
2.829268926614812458e-03
2.882137958295284599e-03
2.934069551614379694e-03
2.986659527550935677e-03
3.039670002519974639e-03
3.092976939348904535e-03
3.145157276479183285e-03
3.198506873169271528e-03
3.251485734466135619e-03
3.304029814789203982e-03
3.356381609600337951e-03
3.409081043227730427e-03
3.461557098366790063e-03
3.514318978294867640e-03
3.566291185884568234e-03
3.618375008333324979e-03
3.671299233766159471e-03
3.723005960894701198e-03
3.775424404765291043e-03
3.827670275178361465e-03
3.880549088500930173e-03
3.932250720249368808e-03
3.982389260467809021e-03
4.034089144166138480e-03
4.085363359066771817e-03
4.136102782211869937e-03
4.186609119611649568e-03
4.236839934560285119e-03
4.286783251054904903e-03
4.337012243568320359e-03
4.386645299764960898e-03
4.436839666009205832e-03
4.486603788771427112e-03
4.536653178434333147e-03
4.586460035442825427e-03
4.636041431179874391e-03
4.685562017088682786e-03
4.734803844794016961e-03
4.784393608856054615e-03
4.833120654400713950e-03
4.882501098760398325e-03
4.930959093358570390e-03
4.980373308558648862e-03
5.029127727824155535e-03
5.078000642571487387e-03
5.125814499300953252e-03
5.173507294262269865e-03
5.221997906731615062e-03
5.269751995024395813e-03
5.317015439125018922e-03
5.363279816799801716e-03
5.409542706772364415e-03
5.454441448194296757e-03
5.500187026912410800e-03
5.545287054444710331e-03
5.589692399425380195e-03
5.633252060079091926e-03
5.677353876614325834e-03
5.720654007615759949e-03
5.763208316301750116e-03
5.806468614076241638e-03
5.849408200444657785e-03
5.890863283152845443e-03
5.933214074175141746e-03
5.974529796377870891e-03
6.016178615107658882e-03
6.057181213185634100e-03
6.098037942060939402e-03
