7.203957948238100435e-04
6.812022574322679951e-04
6.368488783624619461e-04
5.958504158209681351e-04
5.567040553153539562e-04
5.168410005245420869e-04
4.780991408894399845e-04
4.389366330900620504e-04
3.996360919730240118e-04
3.604954611522940416e-04
3.214947611422700022e-04
2.827316942319480116e-04
2.436377566224480159e-04
2.048105098002759813e-04
1.646248439858980026e-04
1.226178080818360056e-04
7.881299053105400641e-05
3.402329967790600126e-05
-1.215379344358199934e-05
-5.895367354736399723e-05
-1.064842372968400068e-04
-1.547364809014779722e-04
-2.035872161362720209e-04
-2.530814991596279633e-04
-3.028589551157899852e-04
-3.521848821384959997e-04
-4.025445708138120299e-04
-4.532074491132820587e-04
-5.043598806186200311e-04
-5.558971683605819529e-04
-6.076684802448840180e-04
-6.587715397252800380e-04
-7.110323304039581046e-04
-7.634167185708480574e-04
-8.161481991421720922e-04
-8.690154806863960692e-04
-9.217162293115240294e-04
-9.742436735717841401e-04
-1.027077730384830028e-03
-1.079699751651422030e-03
-1.133427750923609971e-03
-1.187461060547474051e-03
-1.240509236428749724e-03
-1.293841254946259851e-03
-1.348027926655135994e-03
-1.401753172702119906e-03
-1.455432320829809978e-03
-1.508873835857797892e-03
-1.562636324856527805e-03
-1.617200374447081692e-03
-1.671373912527619960e-03
-1.725409491701989902e-03
-1.779603418531336152e-03
-1.833754819193003953e-03
-1.888308265145947950e-03
-1.942258605956232115e-03
-1.996809521918448127e-03
-2.051804228018951765e-03
-2.105886463198806523e-03
-2.159845510153654211e-03
-2.214774771346944299e-03
-2.269612134347614042e-03
-2.324263691852760001e-03
-2.378391280836987878e-03
-2.432904805024474221e-03
-2.488088739549134017e-03
-2.541345155990771924e-03
-2.594577686343478400e-03
-2.647399130408630008e-03
-2.700438153676390507e-03
-2.753000385309159817e-03
-2.805363491789337940e-03
-2.857423855114314421e-03
-2.909240185951276082e-03
-2.961056665611222060e-03
-3.013839527317771841e-03
-3.065579809609910063e-03
-3.116804680702709839e-03
-3.168470588708594080e-03
-3.219719531919056337e-03
-3.271520645605904658e-03
-3.322862119506668228e-03
-3.373943302008416013e-03
-3.425149309787994031e-03
-3.476246639583506059e-03
-3.527487881204546122e-03
-3.578016818818416118e-03
-3.627919769755836178e-03
-3.679086525473384238e-03
-3.730746927028860856e-03
-3.780230904060574541e-03
-3.830478603440430445e-03
-3.880590725081862341e-03
-3.930006578392650392e-03
-3.979471208436444370e-03
-4.028153438847604552e-03
-4.075955753365864513e-03
-4.123100865586780406e-03
-4.170421960986276343e-03
-4.217053410677916274e-03
-4.263654500480820383e-03
-4.309859237471586751e-03
-4.355543056812605750e-03
-4.400659079263919554e-03
-4.445448732911321324e-03
-4.491158931126255395e-03
-4.535669058003960127e-03
-4.579377066203650995e-03
-4.623099175381074552e-03
-4.666950165262642551e-03
-4.710502393003830092e-03
-4.754212112667836714e-03
-4.796119065115158654e-03
