-4.599776546043501742e-06
-4.661124510355498364e-06
-4.910127261134000089e-06
-5.131694666221999137e-06
-5.054786356592998798e-06
-5.027499913728498881e-06
-5.185448586407999043e-06
-5.153918413002499267e-06
-5.327501882411999444e-06
-5.363015206412999332e-06
-5.499596323561498288e-06
-5.773614749107998511e-06
-5.717366706586498978e-06
-5.904500333161997813e-06
-5.881755426490498190e-06
-6.020309506083498128e-06
-6.004935289298998706e-06
-5.913285599895998813e-06
-6.196461549241498464e-06
-6.192999558536997844e-06
-6.427595960899997752e-06
-6.481498783911997876e-06
-6.654598319136999250e-06
-6.766573244288998823e-06
-6.854835394400498629e-06
-7.064676701940998937e-06
-7.217488227123499626e-06
-7.346326397319999954e-06
-7.602662612279001189e-06
-7.696694746898002028e-06
-7.833685346818000948e-06
-8.028896951703999536e-06
-8.179512160203000187e-06
-8.352686146840998706e-06
-8.666238272690501314e-06
-8.722151283853500568e-06
-9.005662264557502192e-06
-9.093626609017000715e-06
-9.301234374167501989e-06
-9.423855851378504017e-06
-9.932954613472499562e-06
-9.926142309182997003e-06
-1.001957883249799866e-05
-1.036358158626449968e-05
-1.057841113847600094e-05
-1.093711804631000336e-05
-1.118061139252650379e-05
-1.130691821468100296e-05
-1.144740803101200234e-05
-1.177920075304650412e-05
-1.198662238966450025e-05
-1.215279794348050123e-05
-1.244665767059150149e-05
-1.288666552142150093e-05
-1.292511967623600195e-05
-1.314013535698000327e-05
-1.344761969267000187e-05
-1.378358169383250297e-05
-1.412639322499100224e-05
-1.453702999339250465e-05
-1.486301550521300386e-05
-1.516484153351500434e-05
-1.550579177934850470e-05
-1.556233762752200382e-05
-1.614190465202050066e-05
-1.668592112681150454e-05
-1.718448501396600817e-05
-1.767176951205100778e-05
-1.823503167710250405e-05
-1.881221625638500756e-05
-1.965340554616550362e-05
-2.005533149924600218e-05
-2.074839970286300315e-05
-2.153166579332950337e-05
-2.233224183731850415e-05
-2.302717132626050234e-05
-2.394002010105350653e-05
-2.460773759854400703e-05
-2.535683049044350763e-05
-2.647996728125501023e-05
-2.700734386524050902e-05
-2.768276708397650831e-05
-2.869683255474300584e-05
-2.955596463505650911e-05
-3.061838629856650988e-05
-3.144665826819150546e-05
-3.217241064211550218e-05
-3.298694632604200921e-05
-3.408551415056351735e-05
-3.494501848794201736e-05
-3.596638019718251456e-05
-3.703125875732151003e-05
-3.820256561234400733e-05
-3.990191911406900906e-05
-4.138826712320101115e-05
-4.319788316757901969e-05
-4.539844358162001134e-05
-4.761899420005151257e-05
-5.043962320726301290e-05
-5.321036976776451053e-05
-5.626049525554851284e-05
-5.961382412277501405e-05
-6.327620080536451911e-05
-6.715143407772101428e-05
-7.105026844799852324e-05
-7.533174585538950888e-05
-7.991906966738452375e-05
-8.437506118684753105e-05
-8.948004567343151208e-05
-9.450436205403002813e-05
-9.960100798235801728e-05
-1.049702949850920235e-04
-1.106723053525230385e-04
