-3.453891626206507892e-06
-4.078880580761007745e-06
-4.615191941561008313e-06
-5.192285312088508494e-06
-5.708894679148008375e-06
-6.285205928941007748e-06
-6.983639744849508510e-06
-7.558982654685507933e-06
-8.101141299072007356e-06
-8.720878871552009595e-06
-9.266910875766508820e-06
-9.956517900528509185e-06
-1.047923525808600791e-05
-1.105722248088150889e-05
-1.180902672595850947e-05
-1.258574710300600708e-05
-1.315315707396350860e-05
-1.368328595657650864e-05
-1.428011856468900866e-05
-1.488514481859150995e-05
-1.536175429665800934e-05
-1.608205024928800644e-05
-1.647385549342801015e-05
-1.713508270868101027e-05
-1.752949502193600707e-05
-1.815820836094050885e-05
-1.880859761744400953e-05
-1.915202310757850893e-05
-1.975403261007650869e-05
-2.018174092031450718e-05
-2.075097583965250861e-05
-2.125291113197901009e-05
-2.173343121371800927e-05
-2.230531044601550717e-05
-2.260463922426200883e-05
-2.322761701121350752e-05
-2.367681501972800830e-05
-2.429800510214351046e-05
-2.470701700244250991e-05
-2.509766768740300690e-05
-2.578287993851401257e-05
-2.619948958309100824e-05
-2.660384600282750793e-05
-2.706012034179700835e-05
-2.768320986028201041e-05
-2.814008010076351080e-05
-2.860361698941051085e-05
-2.911877384653450827e-05
-2.957288804252300880e-05
-3.007519577329450687e-05
-3.054271775330301349e-05
-3.098182267995801140e-05
-3.156245421571300886e-05
-3.205433367002451424e-05
-3.248051498263800942e-05
-3.290840951209851129e-05
-3.355522335953000198e-05
-3.404982161449001061e-05
-3.454613308629700559e-05
-3.515641072227400831e-05
-3.554475228887550543e-05
-3.617320492096850722e-05
-3.653569925948700565e-05
-3.702344464705900785e-05
-3.757327552341251027e-05
-3.805331143517300948e-05
-3.864403605278751659e-05
-3.911267534813100960e-05
-3.974645384998751451e-05
-4.039125652981601208e-05
-4.100086377659200806e-05
-4.151173759159851247e-05
-4.197631730789151585e-05
-4.258223741406201541e-05
-4.315005706730900675e-05
-4.382886337716601275e-05
-4.453798617644601042e-05
-4.513195100853201398e-05
-4.565016186090501462e-05
-4.637839075241351471e-05
-4.678244922139401102e-05
-4.738900247292100715e-05
-4.812911215082501680e-05
-4.889633534752500473e-05
-4.955894058502450817e-05
-5.015953482143151138e-05
-5.067044588028250563e-05
-5.128053729703700497e-05
-5.203733221727700699e-05
-5.270936014743500656e-05
-5.332529884777600899e-05
-5.398790408527551243e-05
-5.457479258690650957e-05
-5.539970649873701827e-05
-5.615273979068251031e-05
-5.664782221562100875e-05
-5.755891838362450628e-05
-5.821079739390801026e-05
-5.907235924872651710e-05
-5.977798112662350817e-05
-6.052069787364251768e-05
-6.146888891076802009e-05
-6.241760136171650892e-05
-6.342393004010649820e-05
-6.434221427009850552e-05
-6.521327330526452881e-05
-6.637576542364300673e-05
-6.721256012186900466e-05
-6.830413996031949975e-05
-6.957281427936751628e-05
-7.061977599210702043e-05
-7.153139357393351115e-05
-7.280870846490550014e-05
