-1.428524411320502334e-06
-1.370386058240002205e-06
-1.462640190578502196e-06
-1.429455518833002307e-06
-1.400516697344502149e-06
-1.211501872307002198e-06
-1.294184219417002225e-06
-1.024312017994002219e-06
-1.075560175482002382e-06
-1.112692743080502214e-06
-1.253513443271002158e-06
-1.206809090444002150e-06
-1.545955690797001983e-06
-1.167553597717002135e-06
-1.211427383706002040e-06
-1.077869322113002009e-06
-1.024758949600002113e-06
-1.147143721043002048e-06
-1.071872989732502253e-06
-9.670675281255020886e-07
-1.278169170202002187e-06
-9.774586879650021052e-07
-9.411454949775022194e-07
-1.039619425499502125e-06
-1.061295608390502157e-06
-8.763031678070022022e-07
-9.110521001735021424e-07
-8.490403398410021224e-07
-9.393205242530021417e-07
-1.031127724985502239e-06
-1.043567321352502068e-06
-9.582778732075022030e-07
-8.069170359755020305e-07
-7.755200906540021400e-07
-8.573830631530021144e-07
-9.933247599780020370e-07
-1.015857561780502095e-06
-1.054107458394002402e-06
-1.172097402378002289e-06
-1.282377776158502157e-06
-1.465396268815502352e-06
-1.105690814586502115e-06
-1.179546262478002070e-06
-1.124126743334002335e-06
-1.171352516368002184e-06
-1.042822435342502175e-06
-1.207107044848002150e-06
-1.022933978875502141e-06
-1.046062689486002198e-06
-1.209602412981502068e-06
-7.431547935195021975e-07
-9.222253903235020258e-07
-9.896003299280019347e-07
-1.208745794070002254e-06
-8.339191538380021899e-07
-1.241855977214501984e-06
-1.281819111651002131e-06
-1.019433014628502091e-06
-1.181706431907002227e-06
-1.098875107595002095e-06
-1.004498050128002132e-06
-9.777938866695020784e-07
-9.413317164800021927e-07
-9.958573724120019287e-07
-1.047403484304002303e-06
-1.270236134195502116e-06
-1.131128671828002222e-06
-1.193624608067002004e-06
-1.354296520424002220e-06
-1.313104324071002101e-06
-1.379175713158002090e-06
-1.042189282234001990e-06
-1.195673044594502028e-06
-1.262154120987002150e-06
-1.418691915988502132e-06
-1.217125761682502219e-06
-1.237572882657002067e-06
-1.355078650734502087e-06
-1.139098952135002268e-06
-1.292582714495502094e-06
-1.025727301413002059e-06
-1.258131736533002048e-06
-1.060923165385501999e-06
-1.228336296133002076e-06
-1.174145838905502314e-06
-1.213885507539002196e-06
-1.140290769751002055e-06
-1.204127500808002364e-06
-1.292545470195002332e-06
-1.326586760852002035e-06
-1.206995311946502229e-06
-1.436308470125002089e-06
-1.237610126957501829e-06
-1.263979091711502333e-06
-1.369082507722502285e-06
-1.175039702117502101e-06
-1.424017850960002153e-06
-1.296120923043002329e-06
-1.700743003675002153e-06
-1.581300531971502029e-06
-1.270496844299002142e-06
-1.649457601886502017e-06
-1.477239956374502393e-06
-1.597390069787502437e-06
-1.764579734732002250e-06
-1.489009155332502276e-06
-1.222042009348502321e-06
-1.365842253579001839e-06
-1.259621508553002046e-06
-1.249304837314502189e-06
-1.619066252678502257e-06
