2.064866436724870358e-01
4.744548103373649184e+00
1.000038514381625987e+01
1.524985143476147620e+01
2.052169060575451454e+01
2.576576970151069190e+01
3.095285033486304016e+01
3.621730539737429666e+01
4.147507974175763934e+01
4.678889730867866348e+01
5.204423512079808489e+01
5.730134482090637960e+01
6.255143253934642900e+01
6.780231455240216576e+01
7.299213423547995205e+01
7.825409762707667483e+01
8.350741617239631864e+01
8.876242166237821607e+01
9.401651512927416832e+01
9.927971839539297605e+01
1.045274798588703504e+02
1.097705217519013416e+02
1.150330320593028546e+02
1.202968448310460730e+02
1.255489071092718376e+02
1.307541775363938541e+02
1.359988229209942574e+02
1.412522040561335359e+02
1.464867083997211239e+02
1.517459789388402385e+02
1.570005582219551741e+02
1.621869503672916153e+02
1.674497542507518801e+02
1.727641559893227168e+02
1.780134747471217338e+02
1.832789685025919368e+02
1.885297298067098097e+02
1.937813345831588094e+02
1.990268621861691827e+02
2.042156923540034086e+02
2.094864093789445576e+02
2.148054055083225933e+02
2.200541639382125254e+02
2.253235740281106700e+02
2.305728778835716071e+02
2.358192847245242376e+02
2.410682845722899117e+02
2.462629579468561190e+02
2.515298718951382284e+02
2.567825675227293232e+02
2.620370544113486062e+02
2.672881450571363757e+02
2.725413399130506491e+02
2.778050662512334839e+02
2.830572522188646190e+02
2.883145720419388454e+02
2.935751793207770106e+02
2.988287467351413511e+02
3.040835286900532424e+02
3.092748937455821761e+02
3.145382415643796321e+02
3.198037561831230846e+02
3.250478233570088378e+02
3.302964536267919584e+02
3.355713343649719604e+02
3.408821327182129721e+02
3.461354572244679275e+02
3.513377725179633444e+02
3.565932966093078562e+02
3.618530633962825505e+02
3.671073982810542020e+02
3.723570985387060546e+02
3.776370445815741732e+02
3.828305153374633392e+02
3.880780398537664269e+02
3.933366040220640230e+02
3.985754404753097901e+02
4.038407628538930112e+02
4.090962109433136789e+02
4.143603038790114397e+02
4.196188352621655326e+02
4.248840086173685791e+02
4.301455264290589184e+02
4.354000490832893888e+02
4.406523989766387785e+02
4.459209402602311343e+02
4.511812181973994598e+02
4.564428343645206496e+02
4.617000096349161709e+02
4.669671918252823843e+02
4.722266650361983125e+02
4.774857060793121946e+02
4.827536497791505781e+02
4.880215428110396374e+02
4.932890558333097033e+02
4.985426917984289048e+02
5.037997597719907503e+02
5.090106960680224688e+02
5.142698712321783887e+02
5.195317779948906036e+02
5.247948769446434198e+02
5.300522548868358399e+02
5.353083571888948882e+02
5.405733755597827894e+02
5.457732736940537279e+02
5.511045836253257448e+02
5.563659464527008822e+02
5.616268696611047062e+02
5.668925765200084470e+02
5.721608182666070661e+02
5.774235685016503794e+02
