8.835602544999540198e-04
8.448523265052040529e-04
8.001500691551560089e-04
7.597983913021260152e-04
7.201867729427819829e-04
6.806704384989439426e-04
6.413135678824619925e-04
6.022692627381259637e-04
5.632032666438719888e-04
5.237855274269340774e-04
4.848712191591220025e-04
4.457390712484799985e-04
4.075379971314879723e-04
3.680139610982280634e-04
3.285441338368899795e-04
2.860127945601959975e-04
2.425844991589339744e-04
1.976029754794099858e-04
1.522709736725659990e-04
1.054281209321540012e-04
5.832761840069200835e-05
9.995456853646000190e-06
-3.905723117043599960e-05
-8.793981452380600079e-05
-1.379389423146359819e-04
-1.876770717972759957e-04
-2.376035739719140191e-04
-2.885909979937420359e-04
-3.397005684796879825e-04
-3.907427965653740122e-04
-4.428472859051060242e-04
-4.936954116139101066e-04
-5.457522031872701117e-04
-5.982515571093000462e-04
-6.508918836029240233e-04
-7.033546270708900070e-04
-7.556483448347780683e-04
-8.089123512486000398e-04
-8.617945895027161012e-04
-9.141809495741439308e-04
-9.668625000343360676e-04
-1.020891196145695939e-03
-1.074605354880372012e-03
-1.128613364596955807e-03
-1.181544788847283802e-03
-1.235508970195079836e-03
-1.289420765852508036e-03
-1.342669517910470046e-03
-1.396627671927413777e-03
-1.450893257023556059e-03
-1.505040788287640048e-03
-1.559436705112020186e-03
-1.612972313471642150e-03
-1.667491530138265864e-03
-1.721939386184061964e-03
-1.776159282624115978e-03
-1.830730810569615799e-03
-1.884612730013005694e-03
-1.939313622337347906e-03
-1.993090212313812244e-03
-2.047860604971681996e-03
-2.102306154261226589e-03
-2.156929695839633881e-03
-2.211746521268511973e-03
-2.266266370432817954e-03
-2.321276628535150297e-03
-2.375015119827709673e-03
-2.427671035528908543e-03
-2.480878526414556640e-03
-2.533242414215400046e-03
-2.586399305286488006e-03
-2.638625159769672230e-03
-2.691229099043708408e-03
-2.743133049412500163e-03
-2.795342533367444100e-03
-2.847123146688246200e-03
-2.898667689550678446e-03
-2.950953482490668162e-03
-3.002407764213304089e-03
-3.054402124544876047e-03
-3.105364881157106263e-03
-3.157194234005168427e-03
-3.208859955982322053e-03
-3.260163591639404085e-03
-3.311004834285197988e-03
-3.362769263106489982e-03
-3.413498516456823974e-03
-3.464217166169548077e-03
-3.515199158152459979e-03
-3.565543108797218207e-03
-3.616500358959039933e-03
-3.667111000391126609e-03
-3.716982512473176060e-03
-3.767172617358224493e-03
-3.816977010274490070e-03
-3.865793367399980411e-03
-3.915147198732185987e-03
-3.962850285525863769e-03
-4.011054719746893170e-03
-4.058202585193011573e-03
-4.106126711323676917e-03
-4.152399609241115216e-03
-4.199210204599744360e-03
-4.245322857369160201e-03
-4.290776782405645098e-03
-4.337461287491082944e-03
-4.383194664885773154e-03
-4.428084067138202649e-03
-4.473750995070537549e-03
-4.519308984578586721e-03
-4.564029770390142134e-03
