-1.663430152449309066e-03
-1.594113596537686519e-03
-1.512209587935147218e-03
-1.425771841410127493e-03
-1.338681290242721986e-03
-1.250458049295406597e-03
-1.163589456174616557e-03
-1.075120315052858957e-03
-9.869010954893775705e-04
-8.968715084998861182e-04
-8.073078807446416611e-04
-7.183818657372991563e-04
-6.298844259885616340e-04
-5.414130135296387012e-04
-4.554740303051415715e-04
-3.689727235745235033e-04
-2.847294983367675263e-04
-2.017944888362685420e-04
-1.195122467431200395e-04
-3.810409710833400802e-05
4.206330667352100325e-05
1.221410484898920418e-04
2.012660202178890700e-04
2.807848269163695397e-04
3.579632254584975623e-04
4.355185170299565815e-04
5.129050221854940250e-04
5.905006020653640227e-04
6.676820166453675473e-04
7.437834662557291521e-04
8.202724581155745919e-04
8.954267228928870998e-04
9.713492953927066464e-04
1.048418073990322729e-03
1.124176216573374203e-03
1.199697134745255321e-03
1.275303097738218327e-03
1.350663719082271803e-03
1.425968376167968633e-03
1.500512470418542948e-03
1.576511784326527828e-03
1.652258086168290150e-03
1.727273538733259048e-03
1.802623734267372324e-03
1.877836718695668431e-03
1.951737391532802320e-03
2.027358136834858486e-03
2.101463751307384824e-03
2.176792127110695543e-03
2.251645160450812828e-03
2.326793914442870995e-03
2.401188510025912843e-03
2.476453474563767177e-03
2.551988877164457215e-03
2.626847756405148449e-03
2.702086246832761940e-03
2.777326673482221481e-03
2.853129237462624906e-03
2.928025388973851291e-03
3.002953972200997704e-03
3.078141413394941059e-03
3.153829740286429300e-03
3.229943626398648539e-03
3.305191462820172236e-03
3.381141700951368397e-03
3.458189665164139882e-03
3.534707812056781841e-03
3.611186824927113768e-03
3.687648039450475840e-03
3.765020842112949684e-03
3.842783272186895208e-03
3.920759692009858494e-03
3.998372511711165665e-03
4.075621135530246505e-03
4.154347394498110468e-03
4.233127830442624112e-03
4.311078260210810670e-03
4.390184651656092035e-03
4.468923719476167525e-03
4.547939592550149547e-03
4.627558635964196601e-03
4.706992062726275683e-03
4.786415584968910578e-03
4.866140226943635461e-03
4.945443182141323613e-03
5.026372414749507612e-03
5.105695514101400712e-03
5.185631539372657223e-03
5.265847869991159558e-03
5.346201635125692568e-03
5.427336144484588842e-03
5.507639791261338506e-03
5.588665350906362600e-03
5.670661069401338426e-03
5.752261537994482130e-03
5.834529407363927070e-03
5.916562993890007831e-03
5.999045821119393558e-03
6.081986862695644251e-03
6.165504861146965838e-03
6.250491074283089608e-03
6.334871622331770050e-03
6.419996759385343532e-03
6.506394143131880026e-03
6.592181430821750579e-03
6.680625438294545554e-03
6.768148064813892840e-03
6.856120788442364618e-03
6.945414015369808305e-03
7.034707949762925711e-03
7.124942478387809829e-03
