-4.198880246169879615e-04
-4.964497071253979937e-04
-5.859497268200220248e-04
-6.803576186853939637e-04
-7.753579502596039249e-04
-8.701425381086138385e-04
-9.638711720143520231e-04
-1.059460335169581892e-03
-1.155281311237819995e-03
-1.251849541736323960e-03
-1.348316298289595943e-03
-1.444288852923384216e-03
-1.539770107018819788e-03
-1.635368829852907853e-03
-1.729092367743067984e-03
-1.822093164153808058e-03
-1.913029255917189902e-03
-2.003416242702744238e-03
-2.091972941557528227e-03
-2.180370324830410017e-03
-2.266783758564108308e-03
-2.353418180827360380e-03
-2.438957517699252234e-03
-2.524654905448450032e-03
-2.609415258683593988e-03
-2.693494047733076008e-03
-2.777440154391560244e-03
-2.861017785646279791e-03
-2.944037235807835540e-03
-3.027564018498358177e-03
-3.110504015453529562e-03
-3.192595990779889883e-03
-3.274828125133242337e-03
-3.358557632531064280e-03
-3.441336602833410061e-03
-3.523352063531712437e-03
-3.605132586752710696e-03
-3.687167538780668392e-03
-3.768920610472494426e-03
-3.848911762676121909e-03
-3.931327576773445930e-03
-4.013270093774314907e-03
-4.095648078325340481e-03
-4.176971745609630270e-03
-4.258705623549352559e-03
-4.339556068131574657e-03
-4.420858421423702091e-03
-4.501194168432546584e-03
-4.582065889809736059e-03
-4.662890668328098856e-03
-4.744100586593136271e-03
-4.825250617375834161e-03
-4.906892767035152779e-03
-4.988353952345659856e-03
-5.069566957977801429e-03
-5.151308944905814459e-03
-5.232849657817094553e-03
-5.314661017511919036e-03
-5.396492984452218658e-03
-5.476768843978723628e-03
-5.559529252881262491e-03
-5.641222362696360348e-03
-5.722761401733910715e-03
-5.805038805072360551e-03
-5.887437248080086560e-03
-5.970437020926017309e-03
-6.053639778859604831e-03
-6.135745182372998388e-03
-6.219093753307066222e-03
-6.302818239083698981e-03
-6.387534364855176720e-03
-6.471531059697501267e-03
-6.556012508372033656e-03
-6.640019134865154243e-03
-6.724720679336584385e-03
-6.809456594015270321e-03
-6.894800050463558219e-03
-6.979834956187616797e-03
-7.065201474896184997e-03
-7.150831163752302370e-03
-7.236558681228640044e-03
-7.323049708309023291e-03
-7.408167935747641056e-03
-7.494357442373457412e-03
-7.580405674056464420e-03
-7.667066878299396045e-03
-7.753484366527240573e-03
-7.840392188166392037e-03
-7.926963561185815244e-03
-8.014074367912623481e-03
-8.101443620743345453e-03
-8.188850703120366739e-03
-8.276631877677444182e-03
-8.365549947271939610e-03
-8.454036492218838447e-03
-8.542736883834046308e-03
-8.631951452261912502e-03
-8.721087274230083716e-03
-8.811056201752270542e-03
-8.901147247662359249e-03
-8.992246449121433366e-03
-9.084793365370984197e-03
-9.176577925129507721e-03
-9.269656389281318368e-03
-9.361602905622514598e-03
-9.457292315215574952e-03
-9.552490535861867318e-03
-9.647299748253304608e-03
-9.743894053984803946e-03
-9.840681264364384978e-03
-9.937967326312699759e-03
