6.068252436185380674e-04
6.449323268657275975e-04
6.892377726423251074e-04
7.280425138455835212e-04
7.662986648552171055e-04
8.044392585949120857e-04
8.411493894575216993e-04
8.788987175133565911e-04
9.162412705896880649e-04
9.539458931938120867e-04
9.911788770016406909e-04
1.028235828444287519e-03
1.065412763070977455e-03
1.103155024541267650e-03
1.140948797700925199e-03
1.181799464189682873e-03
1.223424033373285121e-03
1.267259960329250547e-03
1.311169379774884116e-03
1.356610574618785344e-03
1.402213259538667061e-03
1.449325404323516730e-03
1.497071533409419057e-03
1.544980863428855591e-03
1.593447561085015261e-03
1.641599535336533662e-03
1.690692853167757295e-03
1.739966703663377691e-03
1.789979644621893977e-03
1.840418849458996114e-03
1.890633225298100776e-03
1.940402926943647199e-03
1.990649697498592021e-03
2.042497235642257332e-03
2.093543869295784888e-03
2.144744442936527811e-03
2.196332228272580584e-03
2.248300976954620452e-03
2.299322840366184971e-03
2.350661063654833124e-03
2.402264395479085119e-03
2.454964089454366675e-03
2.507524608886966145e-03
2.560052324485615188e-03
2.612489364633954932e-03
2.665414445495566283e-03
2.717372036410956298e-03
2.769671538489056756e-03
2.822750559337882607e-03
2.875653175895971549e-03
2.928474229179849064e-03
2.980864815826368870e-03
3.033579126475962305e-03
3.086374740051877653e-03
3.138922056127274856e-03
3.191461561766017422e-03
3.243953609703941789e-03
3.296639468048576539e-03
3.348690747011271070e-03
3.400667417707631951e-03
3.453050417072830308e-03
3.505696256227747339e-03
3.558079887866389367e-03
3.610912359264805381e-03
3.662779609462885229e-03
3.715832855870749348e-03
3.767429567420122263e-03
3.818363210090041249e-03
3.869516660762965105e-03
3.920631579948391336e-03
3.971221228672490271e-03
4.022124447832011243e-03
4.072185813497788097e-03
4.122255621873664559e-03
4.172639856113738617e-03
4.222587226596906905e-03
4.272374408743539673e-03
4.322635163699351836e-03
4.372185094534449500e-03
4.421849318092597667e-03
4.471149910035622163e-03
4.521240918168133692e-03
4.570135069864654336e-03
4.619375670215657495e-03
4.669236196081735270e-03
4.718501529482146441e-03
4.767352760969620525e-03
4.816291729695518740e-03
4.865096619258839697e-03
4.913893289267395534e-03
4.962128165725124274e-03
5.010448919793499857e-03
5.059047576636574971e-03
5.107270588669098402e-03
5.155268176622735711e-03
5.202310250633023804e-03
5.249366680969733828e-03
5.295539862498430464e-03
5.341666516140197545e-03
5.386364789687984531e-03
5.431644159722905270e-03
5.476963288599655949e-03
5.521005225120535764e-03
5.565468664872897687e-03
5.609139382497330649e-03
5.653387440160792532e-03
5.697303591458971125e-03
5.740550723068817141e-03
5.784342204920960018e-03
5.827669895606017898e-03
5.871150633656957961e-03
