-4.839994030088001619e-06
-4.676349824313998415e-06
-4.865270284801499017e-06
-5.033939960952998778e-06
-4.899145677716499050e-06
-5.104333771944498687e-06
-5.304868652859998502e-06
-5.462407842767998700e-06
-5.444800083593497703e-06
-5.520554396320998683e-06
-5.481467404495999493e-06
-5.793939984856998192e-06
-5.640495622663999329e-06
-5.655609259502998157e-06
-5.955797356718998781e-06
-5.842035597654997439e-06
-6.199402380054998746e-06
-6.212245248797497850e-06
-6.253305203066998022e-06
-6.221849481074498779e-06
-6.451867121537998549e-06
-6.655193930440997580e-06
-6.557997610769499098e-06
-6.721008979532999046e-06
-6.742227632238000035e-06
-7.268896927799998428e-06
-7.073201388729500191e-06
-7.304670831746500604e-06
-7.411061900923501746e-06
-7.530221387430001459e-06
-7.733846001984999232e-06
-7.811275471504999064e-06
-7.954743344355999417e-06
-8.239929481852498199e-06
-8.394267261001498370e-06
-8.392219847144001091e-06
-8.881775113325502123e-06
-8.932662654111003128e-06
-9.350111726802001321e-06
-9.352829203376502546e-06
-9.530470274794502521e-06
-9.622752801207999740e-06
-9.872984000300999663e-06
-1.009793894468049880e-05
-1.032348950036400050e-05
-1.059728457167150336e-05
-1.094422815625150297e-05
-1.087967878118050462e-05
-1.133543310586000446e-05
-1.148928695082450414e-05
-1.177786062761250131e-05
-1.190457693253850298e-05
-1.222795664490400134e-05
-1.247725720133450096e-05
-1.261253541875550034e-05
-1.304349742290600327e-05
-1.334550957974050381e-05
-1.345662831364300616e-05
-1.366527839857550472e-05
-1.415226509100850390e-05
-1.441485522465950413e-05
-1.450978077623450289e-05
-1.508041363117300358e-05
-1.541939091456200465e-05
-1.577307235201850374e-05
-1.588649907972400311e-05
-1.637936743378400794e-05
-1.702504731302650667e-05
-1.747164411390700624e-05
-1.812000424401750720e-05
-1.872101327546000832e-05
-1.929905404599200567e-05
-1.986782561560550237e-05
-2.078677940626450787e-05
-2.134121907887550498e-05
-2.204772576253900932e-05
-2.276994169434550658e-05
-2.364947346182100498e-05
-2.440146995882750517e-05
-2.521678738259050466e-05
-2.608686382061500405e-05
-2.657667966674200652e-05
-2.766139952844550541e-05
-2.861877024821250784e-05
-2.929024754205950516e-05
-3.006759474519250921e-05
-3.097396624705450518e-05
-3.200277309759501159e-05
-3.281697375016301411e-05
-3.408718930735601282e-05
-3.430991070934551461e-05
-3.562341976319801084e-05
-3.668468742980650885e-05
-3.749523996313751492e-05
-3.889890967813301140e-05
-4.023103158523551369e-05
-4.198179378763701084e-05
-4.401822606171951235e-05
-4.576660581890501278e-05
-4.828377086672851448e-05
-5.097965653145851244e-05
-5.362197440453501902e-05
-5.691741729815401660e-05
-6.001809529536501032e-05
-6.362232542440151878e-05
-6.772061513010602704e-05
-7.170261172870451500e-05
-7.609937714912600739e-05
-8.058090550324800336e-05
-8.527313135616002059e-05
-9.038414640719702865e-05
