-3.915454591095008466e-06
-4.415043521218008368e-06
-4.995190886994508393e-06
-5.414184137619508176e-06
-6.066882512482007884e-06
-6.623752475446009098e-06
-7.305650024396509009e-06
-7.878087914361508581e-06
-8.577229363315508459e-06
-9.002144385216008786e-06
-9.669814785567508577e-06
-1.043018511487950872e-05
-1.087685054196800793e-05
-1.143040580277150847e-05
-1.223193058025600820e-05
-1.283978736634050766e-05
-1.347066084832600933e-05
-1.410071496573250935e-05
-1.459952177512100760e-05
-1.513609384283250900e-05
-1.576000272589650933e-05
-1.626756183874251052e-05
-1.679877079284600711e-05
-1.725754046939701080e-05
-1.788670073453550578e-05
-1.873671699755900642e-05
-1.874919368546650578e-05
-1.937243217932950784e-05
-1.988777525567600864e-05
-2.031678710047151045e-05
-2.091496048698601040e-05
-2.133886992508501247e-05
-2.202560917382051129e-05
-2.239946288491150914e-05
-2.302009430965951134e-05
-2.343398515358801053e-05
-2.406824782542300864e-05
-2.441476455465100789e-05
-2.519815157986400855e-05
-2.548999434536600720e-05
-2.589874553875350666e-05
-2.641055044987250763e-05
-2.691591217589300893e-05
-2.728570630793350699e-05
-2.779356337153550817e-05
-2.831147627315250883e-05
-2.890115806312101260e-05
-2.916637147980551261e-05
-2.980934921125350689e-05
-3.022685270809850929e-05
-3.073236340949701058e-05
-3.127303230010351347e-05
-3.165418580471650756e-05
-3.242923020876150865e-05
-3.257783314831651461e-05
-3.340494444697250626e-05
-3.383578124014850459e-05
-3.424267024131100753e-05
-3.456944773295400440e-05
-3.532132646572000667e-05
-3.578110172607251369e-05
-3.604501160819950699e-05
-3.664493545540551024e-05
-3.721126535487250843e-05
-3.768243723164200809e-05
-3.800914023559601174e-05
-3.870668019923650661e-05
-3.927315907408150480e-05
-3.963338153808550673e-05
-4.033792334449200803e-05
-4.087766113898601435e-05
-4.149132796481250674e-05
-4.202521847572000997e-05
-4.280912691475601060e-05
-4.308651906859201677e-05
-4.367065152573000727e-05
-4.438550987706301143e-05
-4.503869242190401196e-05
-4.569518966890550893e-05
-4.622908017981300539e-05
-4.672095963412451077e-05
-4.720427300420100981e-05
-4.823715654371951467e-05
-4.870922227275700751e-05
-4.922177206076601522e-05
-4.979219878312800642e-05
-5.060322074096001245e-05
-5.132709210266200937e-05
-5.201360788833051159e-05
-5.269755384872851055e-05
-5.290381025956951357e-05
-5.382995294075101033e-05
-5.477617005411801622e-05
-5.503378572652450646e-05
-5.596253547682100986e-05
-5.663620213613701612e-05
-5.735973830323850967e-05
-5.834815269242401680e-05
-5.867038643503801390e-05
-5.977135172230250851e-05
-6.064792284645451797e-05
-6.146203604338000689e-05
-6.242747098050900503e-05
-6.302113786183900182e-05
-6.394705707995351892e-05
-6.513465154952501588e-05
-6.590172577084701738e-05
-6.697334290864551348e-05
-6.802596568574900378e-05
-6.907706146522802466e-05
-7.032856637196150480e-05
