7.610307707739979747e-07
5.364103944584981636e-07
6.135060964934980367e-07
7.081438640639981313e-07
8.157798925089980810e-07
7.176039163909981751e-07
4.931697615779980198e-07
4.967452144259980164e-07
7.993924002889979908e-07
6.611788011334980969e-07
5.877330405474979556e-07
5.088123677879981107e-07
8.476610137369980504e-07
7.715336635149982293e-07
8.601750987049980384e-07
8.431916976769980547e-07
8.726519393724980529e-07
6.443071330069980337e-07
9.044213276989981019e-07
7.995413774909980966e-07
7.127994016264981003e-07
9.492262212004980854e-07
8.745886429984980511e-07
6.841212902414979690e-07
6.069510996054981489e-07
8.919444870314981932e-07
9.679228600514981204e-07
8.342158212564980898e-07
9.271403510039981330e-07
8.634898414494981146e-07
7.435631938394980179e-07
7.678464777654978887e-07
7.900068365629979998e-07
7.257604182004980879e-07
8.614041606214980108e-07
5.360379514534981110e-07
8.371581209959981134e-07
7.001735837569981919e-07
6.691490814404979304e-07
7.883680873409980014e-07
6.260201814614981306e-07
