1.600837435906287964e-01
4.668687751756108284e+00
9.919057124384460522e+00
1.517679719339038691e+01
2.042590284775587151e+01
2.567795022364365920e+01
3.086339010958158369e+01
3.612113166882131310e+01
4.136266097454474533e+01
4.667475881165992746e+01
5.193432143660393052e+01
5.718395761420241286e+01
6.242242896016710318e+01
6.766761082893569323e+01
7.285478981771888130e+01
7.811028708485495997e+01
8.336166981646769614e+01
8.861460090099922127e+01
9.385690512829894772e+01
9.911304766667066701e+01
1.043551462417059241e+02
1.095970883421920945e+02
1.148445159932981596e+02
1.201075270192566506e+02
1.253467211286146039e+02
1.305396375175299397e+02
1.357644329879069005e+02
1.410149707569547104e+02
1.462716617013650193e+02
1.515242336395506300e+02
1.567677002492147551e+02
1.619490464629025155e+02
1.672085062617143194e+02
1.725209110869923848e+02
1.777611856158557657e+02
1.830222891425495391e+02
1.882673830875239105e+02
1.935119405483301023e+02
1.987644215822538740e+02
2.039419021294630170e+02
2.092074659259218379e+02
