-1.606865218500123016e-03
-1.514455381866294066e-03
-1.405375270898973116e-03
-1.295674005069441092e-03
-1.185495423319834650e-03
-1.074956220251410601e-03
-9.663675372826185548e-04
-8.557931843406826758e-04
-7.458590133640982146e-04
-6.342126637501170356e-04
-5.233882403097630392e-04
-4.128866073921585458e-04
-3.027161801153265366e-04
-1.924172547309840387e-04
-8.256231990994350651e-05
2.848543927333950404e-05
1.394786118945795560e-04
2.504552893950929724e-04
3.616130036382075147e-04
4.728107455444845956e-04
5.838654304443706118e-04
6.949040298089205090e-04
8.072934417913395656e-04
9.202085007699121327e-04
1.032732778050912074e-03
1.144766632679341829e-03
1.257312282870719049e-03
1.370807314762239205e-03
1.484666728711162747e-03
1.599037677577785314e-03
1.712844590126653748e-03
1.825067896615707556e-03
1.939610126645629779e-03
2.054401123947727920e-03
2.169665899841527988e-03
2.284278057268119763e-03
2.399586398153454210e-03
2.513826130754974811e-03
2.628574009885963417e-03
2.742422811849770138e-03
2.857921907821971488e-03
