-3.726571479158460550e-04
-4.761567779386980379e-04
-5.968604449612960544e-04
-7.169415797451100109e-04
-8.375024467399419742e-04
-9.574488532870879722e-04
-1.077053306029791910e-03
-1.197547627244557921e-03
-1.318255199972525899e-03
-1.440367896703844113e-03
-1.561535784707561913e-03
-1.682846472739046254e-03
-1.803782324646591812e-03
-1.925388209609660240e-03
-2.045870590525152195e-03
-2.167518471120245902e-03
-2.289161181305374420e-03
-2.411074017513330225e-03
-2.533161345758339848e-03
-2.655799006488579993e-03
-2.777781661829673964e-03
-2.900011566919285903e-03
-3.023453765758552219e-03
-3.147160845816291980e-03
-3.270837684555310404e-03
-3.393881055080508365e-03
-3.517373209751315996e-03
-3.641915552800326257e-03
-3.766573207150736291e-03
-3.891547372424892116e-03
-4.015585135537292662e-03
-4.138843319857841291e-03
-4.264674285298593326e-03
-4.391457684891714175e-03
-4.516519523952128301e-03
-4.642263819930859958e-03
-4.768026342534652413e-03
-4.893623449216726040e-03
-5.020007350946288464e-03
-5.144670250101052340e-03
-5.271631303492718516e-03
