4.752835431400255321e-04
4.870791621168505596e-04
5.012745563522020588e-04
5.150470712315186527e-04
5.288611673878839802e-04
5.425490692034381449e-04
5.562426614799836130e-04
5.703820809193076331e-04
5.841518435495171146e-04
5.978247567652045930e-04
6.121417706570410778e-04
6.261153856839460482e-04
6.398669983470715731e-04
6.536826565907680230e-04
6.676172566269536436e-04
6.809871992855380269e-04
6.951566703097061210e-04
7.089596830845326225e-04
7.218551975051591251e-04
7.359965509573691833e-04
7.497508786770461448e-04
7.634123365856396648e-04
7.776451837243796624e-04
7.911155834753695864e-04
8.054321882490955882e-04
8.189915897853970944e-04
8.324563734605066332e-04
8.466421720165391313e-04
8.609510407387210894e-04
8.743962983221931695e-04
8.884525180148637215e-04
9.015046874792560522e-04
9.159780960669701520e-04
9.308349227093337024e-04
9.446307573209486962e-04
9.583544755674492646e-04
9.718359215074225555e-04
9.860414321178701327e-04
9.994590184400501190e-04
1.013604797806364572e-03
1.027351649822385920e-03
