9.852432978777320421e-04
9.710549610521240077e-04
9.548991471722900271e-04
9.386112156884099519e-04
9.232668963345820297e-04
9.062640564413120686e-04
8.907888844788021529e-04
8.744247928328598585e-04
8.579171986245959702e-04
8.423574580014278656e-04
8.261959516424559726e-04
8.099999183511961357e-04
7.934005747732960018e-04
7.777516147712199620e-04
7.612934297936440513e-04
7.453741700468779824e-04
7.292838754857500346e-04
7.125822161063499532e-04
6.968812424713660084e-04
6.808922591565960301e-04
6.652815838671539408e-04
6.491788997926079734e-04
6.323525639583620853e-04
6.166005068341199463e-04
6.002852663326760634e-04
5.843176391161099660e-04
5.679262756583499435e-04
5.519920964074380865e-04
5.359711161511080410e-04
5.197846075308239569e-04
5.036870578492261188e-04
4.875227982650500347e-04
4.714815036714040575e-04
4.563114932375860171e-04
4.391084864308359976e-04
4.231002677453840079e-04
4.062844611372560134e-04
3.905700190222200201e-04
3.743730555873100389e-04
3.585916803352200274e-04
3.425029484154240036e-04
