-4.788548103705001280e-06
-4.590581796537999084e-06
-4.603983050877999217e-06
-4.448416823414498308e-06
-4.699318085224499635e-06
-4.548070039714998269e-06
-4.528936026573997791e-06
-4.705869809568499060e-06
-4.539024193035498369e-06
-4.521974819458497555e-06
-4.516353737776998433e-06
-4.415360396042499051e-06
-4.485456401381998524e-06
-4.542076700968498179e-06
-4.442684064613497963e-06
-4.399353342247498915e-06
-4.386324344972498902e-06
-4.363951695365998554e-06
-4.445289864068498813e-06
-4.326130377561998252e-06
-4.509988141965498221e-06
-4.356692682598497882e-06
-4.325497540551497538e-06
-4.197552787310997671e-06
-4.238947772938998968e-06
-4.142905450168999845e-06
-4.164682488471500168e-06
-4.061306701521000687e-06
-4.093655840469501238e-06
-4.248142522444499933e-06
-4.278481473241998812e-06
-4.027394082899499119e-06
-4.309676615288998309e-06
-4.149792205871498702e-06
-4.078132720858998211e-06
-4.227445029630500131e-06
-4.263740093468000952e-06
-4.026165634585000920e-06
-4.238352161635001485e-06
-4.123250277137001569e-06
-4.127940716155999541e-06
