-3.825026536649008001e-06
-4.743348010485507699e-06
-5.729527769001007321e-06
-6.818463294492008473e-06
-7.658833401790009611e-06
-8.511754684684510108e-06
-9.657002903059509232e-06
-1.050150707709701016e-05
-1.157908323001550765e-05
-1.259040258356850853e-05
-1.358101435957950878e-05
-1.469613230775400944e-05
-1.579970466413351069e-05
-1.702100481297750932e-05
-1.823150424691651189e-05
-1.932904310048700667e-05
-2.052766174803050985e-05
-2.165507016489000988e-05
-2.279175229903000605e-05
-2.400813626040000493e-05
-2.511908289799050920e-05
-2.638284102956450905e-05
-2.740697226562551097e-05
-2.872037644191800828e-05
-2.995180691646601317e-05
-3.100718573806250672e-05
-3.222476150245651231e-05
-3.342159244546401558e-05
-3.453112381696351652e-05
-3.589886676238150768e-05
-3.711510174837350656e-05
-3.823122528034951734e-05
-3.942608229959851054e-05
-4.083121806489450656e-05
-4.204149403576651253e-05
-4.324771042758800854e-05
-4.451835867039451481e-05
-4.570077624558051543e-05
-4.698121961949051103e-05
-4.829581559880700829e-05
-4.945275838435501020e-05
