8.910506238194980882e-07
9.039371517924982347e-07
8.816650600934980972e-07
7.222594539534980383e-07
8.161150912134979483e-07
7.940664653174980753e-07
8.253144334369980718e-07
6.987583003379980344e-07
6.239345006334980267e-07
6.614767555374980966e-07
7.569338977189981374e-07
4.330202162704979981e-07
6.864304368724980197e-07
5.688501801939980531e-07
4.313442227479980261e-07
5.660568576564980293e-07
6.866166583749980990e-07
5.513453589589980169e-07
6.171187936419981127e-07
5.480306162144979407e-07
5.575651571424981433e-07
