1.043472956900445610e+02
9.910480071281835990e+01
9.384690416926336809e+01
8.860282060280577809e+01
8.335376263592191037e+01
7.810559880931839416e+01
7.284909563436693247e+01
6.766455286917694423e+01
6.242202361657334109e+01
5.717513692033690376e+01
5.192605510971223026e+01
4.666933585085968161e+01
4.136321385128474049e+01
3.611257772680609435e+01
3.085786879335050159e+01
2.567617684542098999e+01
2.042637078116924698e+01
1.517445156538830808e+01
9.926345857903005054e+00
4.672471455375731608e+00
1.683306974429315539e-01
