7.495466915473511993e-04
7.362367032882326939e-04
7.218396510169600112e-04
7.081339711598771307e-04
6.942968156191016166e-04
6.804540811950010679e-04
6.669897810231131471e-04
6.529578480691840140e-04
6.391970860374057012e-04
6.256317336922241363e-04
6.114842062758010484e-04
5.984161555902101472e-04
5.836899120102070210e-04
5.705469555178391229e-04
5.562947310576837195e-04
5.430822616790860220e-04
5.294019099522986058e-04
5.160145239851845296e-04
5.016899600045816214e-04
4.876128380957200545e-04
4.751549684756620098e-04
