5.832179131770256651e-04
4.731560260286760892e-04
3.630514675296435574e-04
2.535716756912655958e-04
1.434078017806815247e-04
3.270316344953100453e-05
-7.737752739174602579e-05
-1.864765909921364763e-04
-2.965700162155544676e-04
-4.071384115518105113e-04
-5.171908782361786050e-04
-6.286714202370781261e-04
-7.398687525579647007e-04
-8.503775718374205483e-04
-9.615401266351499433e-04
-1.070929176692014513e-03
-1.181364829126712885e-03
-1.292593364407348564e-03
-1.403661453920014698e-03
-1.513430040693730574e-03
-1.606400003966585973e-03
