-2.778507602267778123e-03
-2.657443420040931942e-03
-2.536330807067497736e-03
-2.415296828962180085e-03
-2.294583155894395696e-03
-2.172849610161519968e-03
-2.051531519888430150e-03
-1.932252802973584080e-03
-1.810804001760777998e-03
-1.689443283503364122e-03
-1.567976962412184023e-03
-1.446851925575954071e-03
-1.324391732658288055e-03
-1.203237049658439917e-03
-1.082332666577018061e-03
-9.625375038206758970e-04
-8.416228543137100390e-04
-7.211380183834141143e-04
-5.995365970836259370e-04
-4.775803889474659956e-04
-3.738031562657919446e-04
