6.649886258231499587e-04
6.813654790399699835e-04
6.979679106947878856e-04
7.132382650255679425e-04
7.297365577973320130e-04
7.453554927623859709e-04
7.612874396685380450e-04
7.774009506151700541e-04
7.941567815607459896e-04
8.101133214650040309e-04
8.251566463336920372e-04
8.414901920621680039e-04
8.577808395655060281e-04
8.739117628012660561e-04
8.903401087705500655e-04
9.066704175991240544e-04
9.223705727076959848e-04
9.390417977868679772e-04
9.550427985575960475e-04
9.714441331552840179e-04
9.852091430029041343e-04
