-4.346790644669498211e-06
-4.331751459243497374e-06
-4.358702870749497860e-06
-4.304502242085498147e-06
-4.340164468912498253e-06
-4.469412121880497698e-06
-4.286410548726497501e-06
-4.410483828490998477e-06
-4.486610398283498731e-06
-4.513524584082998527e-06
-4.450166431619998539e-06
-4.529084929399998856e-06
-4.656210717097498795e-06
-4.545762045911998702e-06
-4.495023407952498763e-06
-4.617458756630999037e-06
-4.622409775595499295e-06
-4.603983050877999217e-06
-4.675716987303499394e-06
-4.657625293944499595e-06
-4.593820433003501495e-06
