-2.508198802886851109e-05
-2.400869491806750829e-05
-2.272784186186800932e-05
-2.157350614543501066e-05
-2.052911425796600977e-05
-1.921757227389850897e-05
-1.797809712893851127e-05
-1.678986951401051096e-05
-1.577210697535900871e-05
-1.458592777187850998e-05
-1.347881725027150891e-05
-1.241051481463350756e-05
-1.135208199778800908e-05
-1.042299705289100908e-05
-9.233689366472508822e-06
-8.333617376441009039e-06
-7.490640200028008034e-06
-6.585726510211508498e-06
-5.476902771757508362e-06
-4.632510329253507429e-06
-3.733108728423007611e-06
