5.350323553399979796e-07
8.519813525949980463e-07
5.041940745259981151e-07
5.318293454969981415e-07
3.351794388569980654e-07
4.223311020269979818e-07
3.027024088209979377e-07
7.717571293179981761e-07
8.387968702179981119e-07
6.153310672179981144e-07
8.705290142439980814e-07
7.107509650989980758e-07
5.053114035409978493e-07
4.616610833549980500e-07
4.955533968099981234e-07
6.929481894599979341e-07
6.476591200519980834e-07
6.954063132929979847e-07
6.371562273109979346e-07
7.720550837219980700e-07
7.182743137999981216e-07
8.084055210099978234e-07
9.357065401189980719e-07
7.062816490389978684e-07
7.499319692249981441e-07
5.834499459899981450e-07
4.767822693579982473e-07
5.249763942049979363e-07
8.699331054359978702e-07
4.657579564099981520e-07
6.591303646059982841e-07
7.591685557489982412e-07
7.616266795819979741e-07
6.407316801589981430e-07
9.802507235169980291e-07
7.955189930369982063e-07
8.197277883619981301e-07
8.977918422099980553e-07
9.489655110969980591e-07
1.017346046814998099e-06
1.034403936443998030e-06
9.313117126599980231e-07
9.736957266289980354e-07
1.131388094945998255e-06
5.156653190799978923e-07
8.960041157859980570e-07
9.363024489269979654e-07
7.771947971909980121e-07
5.543993915999979611e-07
9.301943836449979713e-07
8.146625634939981350e-07
