1.541362204925911528e-01
4.659840233682178479e+00
9.921262670409292994e+00
1.517004196357244794e+01
2.042284190752951645e+01
2.567084627911638250e+01
3.084726577985951579e+01
3.609849799785839508e+01
4.134682425994618882e+01
4.664675433807978777e+01
5.191355949929451441e+01
5.716291998363990956e+01
6.240414081096660937e+01
6.764752545777174930e+01
7.282806694520724022e+01
7.808537633664478506e+01
8.333020352976886613e+01
8.857130215792393813e+01
9.382461176184081353e+01
9.908205229385281143e+01
1.043204893644400784e+02
1.095615045395022946e+02
1.148156099282686569e+02
1.200706034963801443e+02
1.253088706803141719e+02
1.304993699100049867e+02
1.357277479024384945e+02
1.409748372704717951e+02
1.462240040244230954e+02
1.514720799272323859e+02
1.567198637442167524e+02
1.619014990632618378e+02
1.671484572907207280e+02
1.724598591886509951e+02
1.777016701485627550e+02
1.829548307290995695e+02
1.882104949024212885e+02
1.934561238413300828e+02
1.986935773576089730e+02
2.038814627172136227e+02
2.091360121956525688e+02
2.144421774120077089e+02
2.196920386149100750e+02
2.249462572614452540e+02
2.301953703669797449e+02
2.354339773242202796e+02
2.406738450192560776e+02
2.458617482616663494e+02
2.511273403725674029e+02
2.563658370525067198e+02
2.616097939490912836e+02
