6.098847776190790366e-04
6.814549328635061262e-04
7.639060677599021415e-04
8.453591032369001026e-04
9.273347685037841917e-04
1.009323302394871200e-03
1.090371236557363243e-03
1.172718976149468876e-03
1.254707212500112213e-03
1.338411810901969125e-03
1.420103845740610174e-03
1.502146531992505163e-03
1.584618494719981221e-03
1.666727234950444309e-03
1.748187337012986967e-03
1.830956542644019249e-03
1.913128510218832078e-03
1.995895112370978976e-03
2.078124282096151330e-03
2.160886346756527021e-03
2.243698249441273326e-03
2.326909600172089379e-03
2.410321270006828085e-03
2.495222799229786584e-03
2.579210656134331512e-03
2.662759715269087234e-03
2.747197155784516197e-03
2.832096602224366388e-03
2.917463261546407276e-03
3.001967127965959360e-03
3.086644609234585022e-03
3.171690296802661454e-03
3.257562849264613366e-03
3.343678938579979464e-03
3.429574624811452480e-03
3.515077929582400770e-03
3.601781735659777533e-03
3.687654511277062633e-03
3.773880839326930296e-03
3.859593910110898675e-03
3.945971537476541079e-03
4.034639482409872052e-03
4.121584668172443774e-03
4.209625323464714040e-03
4.296973230218238508e-03
4.384455327712009215e-03
4.472019695138545504e-03
4.558979237227540025e-03
4.646903777361538826e-03
4.735640156596990745e-03
4.824182688233175954e-03
