9.492750149896920717e-04
8.816541669266280638e-04
8.029564241644439803e-04
7.256374519375278793e-04
6.468900767101799917e-04
5.682141365151519843e-04
4.908630929351840907e-04
4.120458453168479758e-04
3.330255287368439981e-04
2.537033991452879817e-04
1.746629170509519837e-04
9.652199548340400842e-05
1.712954703190799994e-05
-6.215500475618800091e-05
-1.408299031903280049e-04
-2.194382777506200248e-04
-2.982538883161319756e-04
-3.776659069900240029e-04
-4.569663084259160480e-04
-5.363217743658879036e-04
-6.154971644952200770e-04
-6.950121686740400734e-04
-7.757531021835601271e-04
-8.566294646085199785e-04
-9.377817448458160461e-04
-1.017421611508212030e-03
-1.098386895666112048e-03
-1.180627220739432007e-03
-1.262310650206624214e-03
-1.345534695204183727e-03
-1.428556713000963922e-03
-1.510589355600111972e-03
-1.593963786223004126e-03
-1.678304673303991808e-03
-1.762354537039767955e-03
-1.846676970070739885e-03
-1.931128134982871940e-03
-2.014385739563324257e-03
-2.098898963659783998e-03
-2.181592603542368419e-03
-2.265651694303152334e-03
-2.351346126423620522e-03
-2.435129894664004625e-03
-2.520148298379652416e-03
-2.605262618508488032e-03
-2.690117391353227718e-03
-2.775262741074227719e-03
-2.859518799054335848e-03
-2.944402443557972513e-03
-3.031028581969772567e-03
-3.116215304480324071e-03
