-3.347434987622120088e-04
-3.799982001377160139e-04
-4.329592673773640234e-04
-4.854127417076880050e-04
-5.381860375120239371e-04
-5.911979161186760486e-04
-6.434128076466840134e-04
-6.963848108613679378e-04
-7.497897894142120049e-04
-8.034962884216200352e-04
-8.560780186768559858e-04
-9.087498405359599896e-04
-9.617041378862998917e-04
-1.014721000916948054e-03
-1.066334562606751930e-03
-1.119084349784480034e-03
-1.172352145085851956e-03
-1.224808743980472037e-03
-1.277744889100140011e-03
-1.330590868221551929e-03
-1.383935289742563909e-03
-1.436545959414732131e-03
-1.489235561532567835e-03
-1.542704296075928091e-03
-1.595807233413491745e-03
-1.647742848408948130e-03
-1.700644995293300104e-03
-1.753232156338859794e-03
-1.805293349061260063e-03
-1.858435045874971868e-03
-1.911439559437211853e-03
-1.963043449856575855e-03
-2.016170416581464057e-03
-2.069877138772035878e-03
-2.122512581775408240e-03
-2.174623023582664127e-03
-2.227717107988056149e-03
-2.280391161678799791e-03
-2.333134253361607898e-03
-2.385206307664656297e-03
-2.438071108566231947e-03
-2.491334217021160154e-03
-2.544163606194047977e-03
-2.597385351369248165e-03
-2.649983299601068199e-03
-2.702451355231439995e-03
-2.754784161864427816e-03
-2.806765752591667499e-03
-2.859492998269832185e-03
-2.911549876117728100e-03
-2.964892512173428023e-03
