-1.560521823086184106e-03
-1.520861744194140211e-03
-1.474942455834546027e-03
-1.428293286309081228e-03
-1.381408195598688056e-03
-1.335689753020581367e-03
-1.289282536755794861e-03
-1.243013090122359072e-03
-1.196287365363905885e-03
-1.149702537979785128e-03
-1.103552317930020250e-03
-1.056792560349120160e-03
-1.009734848014149115e-03
-9.634050061531321176e-04
-9.176669034762812349e-04
-8.712603574421342711e-04
-8.245415584002841608e-04
-7.781473743979231208e-04
-7.318711509880261590e-04
-6.856867491756721495e-04
-6.392455745585101266e-04
-5.927328342031171768e-04
-5.463491504807671800e-04
-5.002275269382661397e-04
-4.536376355893170786e-04
-4.079706518302710322e-04
-3.626455601671860554e-04
-3.154007790138630427e-04
-2.694476812420349755e-04
-2.229521434730430461e-04
-1.761775663480140224e-04
-1.310004467160060231e-04
-8.513835137094000411e-05
-3.761147758866900719e-05
9.115364220848999990e-06
5.487245676580500145e-05
1.016486722323960097e-04
1.479213955489559979e-04
1.947150370121610583e-04
2.398803159028800136e-04
2.865884657245770686e-04
3.326966101842270939e-04
3.788889058241070424e-04
4.260035877633930714e-04
4.714302566033220371e-04
5.179246028511780590e-04
5.646989565659941458e-04
6.104375805333419084e-04
6.562065138195870284e-04
7.028243314451610357e-04
7.485742003932301190e-04
