-4.932164879382001005e-06
-5.236075547248000301e-06
-5.140628835781998661e-06
-5.643250324944998702e-06
-6.199104574402998310e-06
-6.825315409145998831e-06
-7.430009785531998775e-06
-7.363450222309998760e-06
-7.962932999785997005e-06
-7.916996477964999648e-06
-8.584230041270997957e-06
-9.159516109521998478e-06
-9.656404839883999869e-06
-9.747756723634998479e-06
-1.021590720857899762e-05
-1.049026066548399897e-05
-1.101357964746099881e-05
-1.111111099849099842e-05
-1.181400678862400022e-05
-1.209364629585199787e-05
-1.247625210725900097e-05
-1.308586027690299879e-05
-1.367819571873099843e-05
-1.385784697830000008e-05
-1.438377175973199907e-05
-1.466750609467500145e-05
-1.516059780297400194e-05
-1.583021381149600035e-05
-1.618303905770300221e-05
-1.650876398957800675e-05
-1.716356416691299999e-05
-1.755078596592600222e-05
-1.814967313209799960e-05
-1.848485339342400316e-05
-1.931625232239500247e-05
-1.979616613059300104e-05
-2.034576646135900674e-05
-2.139188326542200354e-05
-2.219982999929800198e-05
-2.332784335766100516e-05
-2.450990844186200359e-05
-2.565266317999900209e-05
-2.709322357013600280e-05
-2.825995166325900165e-05
-2.949606847329800551e-05
-3.116981068895100025e-05
-3.252393298859500531e-05
-3.403797692336300558e-05
-3.563175832145400271e-05
-3.730416041167301328e-05
-3.884947393990099664e-05
