-3.589794414787008153e-06
-3.512476193605006595e-06
-3.230242339984007029e-06
-3.484766773297008433e-06
-3.473146693813007756e-06
-3.503239720169007913e-06
-3.368193540012007185e-06
-3.335269981474008019e-06
-3.388901117554007822e-06
-3.247746946899007829e-06
-3.204395111901007078e-06
-3.405362896823008252e-06
-3.330875207823006550e-06
-3.263389361589007031e-06
-3.252216208239007178e-06
-3.074563069974007354e-06
-3.073296779261007843e-06
-2.992254173629007322e-06
-3.163352395262006633e-06
-3.063687867380008333e-06
-2.886705118316008052e-06
-3.033445865646007336e-06
-3.162458542994008372e-06
-2.895718128685008016e-06
-3.038213077742007940e-06
-2.729014680703007210e-06
-2.904507675987006720e-06
-2.773856269481007461e-06
-2.772217540323005851e-06
-2.716426261262006159e-06
-2.768120717428006484e-06
-2.980634094145007915e-06
-2.864656762372006637e-06
-2.656240208550007961e-06
-2.782943767539007421e-06
-2.572813996870006291e-06
-2.610877205949004772e-06
-2.717916015042005659e-06
-2.704210280266005935e-06
-2.703465403376004703e-06
-2.824209947245006585e-06
-2.878436984837006780e-06
-2.806630852641007482e-06
-2.884842926091006453e-06
-2.836127977485007247e-06
-2.948902338631005724e-06
-2.838511583533006701e-06
-3.012067898903005463e-06
-3.038660003876004105e-06
-3.089460607774004900e-06
-3.016537160243006506e-06
