-1.205989715833002310e-06
-1.375860970413502120e-06
-1.543311345461502171e-06
-1.333663177947002293e-06
-1.412360384903501979e-06
-1.499065116467502320e-06
-1.267070368653002039e-06
-1.426699440596002151e-06
-1.405842632316002171e-06
-1.347853256437502147e-06
-1.632139002154002060e-06
-1.556905515144002238e-06
-1.497575344447502109e-06
-1.559959547785002182e-06
-1.377648696837502118e-06
-1.390237270406502265e-06
-1.477575155079002155e-06
-1.364426970160001999e-06
-1.363011686741002159e-06
-1.565248238456002230e-06
-1.446364431260002344e-06
-1.126286912763002068e-06
-1.098465420289502174e-06
-9.442367719190022429e-07
-1.055224787409002242e-06
-9.406240747705022728e-07
-1.055895184818002401e-06
-1.398207550713501887e-06
-1.156715506271502224e-06
-1.129452678305502145e-06
-1.039395959696502284e-06
-1.236530042243002174e-06
-1.157274170779002250e-06
-1.366624383889502129e-06
-1.212284002617502277e-06
-1.336828943489502158e-06
-1.384352670927502218e-06
-1.351577686487502249e-06
-1.472323708708502292e-06
-1.407742091641502090e-06
-1.346028285713002387e-06
-1.429157564429002095e-06
-1.302489698428502032e-06
-1.085839602420002266e-06
-1.129266456803002277e-06
-1.147776874151502445e-06
-1.071537791028002280e-06
-9.329145045670020420e-07
-8.118705279420021051e-07
-9.567136125865022574e-07
-1.066174611756002073e-06
-8.363772776710022404e-07
-9.949635092000021413e-07
-1.129452678305502145e-06
-8.290401504725021681e-07
-1.049228455028502063e-06
-9.694884076580022716e-07
-9.494137296885019468e-07
-9.834177760450020994e-07
-1.006509242355002183e-06
-8.796923991525020136e-07
-1.257796537828502075e-06
-1.245319697161002060e-06
-1.216567097175002193e-06
-1.235338224627002175e-06
-9.675144597315021941e-07
-9.777566423690021049e-07
-9.391715470510021419e-07
-1.000065978368502110e-06
-1.117906945150502103e-06
-1.266064772539502120e-06
-1.095187921845502178e-06
-1.188857337603002220e-06
-1.206250425936502124e-06
-1.006285776552002130e-06
-1.073809693358502357e-06
-1.191352705736502138e-06
-1.133475062759502035e-06
-1.065541458647502100e-06
-1.018837105820502092e-06
-8.904187576965021092e-07
-1.045094337673002040e-06
-8.082950750940022144e-07
-8.367869649765020548e-07
-7.155195225485020652e-07
-8.157439351940022073e-07
-9.091153965475021442e-07
-8.420756556475022085e-07
-9.810713851135022870e-07
-9.644231827900020647e-07
-1.202079064280502128e-06
-1.161631753937502326e-06
-1.116305440229001972e-06
-1.189416002110502246e-06
-1.341670702554502100e-06
-1.051723823162002193e-06
-1.274072297147002350e-06
-1.035187353740002103e-06
-1.140886678559002266e-06
-1.077310657605502195e-06
-1.018352929914002225e-06
-8.965268229785021034e-07
-9.051675006945023068e-07
-1.125914469758002333e-06
0.000000000000000000e+00
0.000000000000000000e+00
0.000000000000000000e+00
0.000000000000000000e+00
0.000000000000000000e+00
0.000000000000000000e+00
0.000000000000000000e+00
0.000000000000000000e+00
0.000000000000000000e+00
0.000000000000000000e+00
0.000000000000000000e+00
0.000000000000000000e+00
0.000000000000000000e+00
0.000000000000000000e+00
0.000000000000000000e+00
0.000000000000000000e+00
0.000000000000000000e+00
