2.071989754291550800e-01
4.730635280611614313e+00
9.987509523779417364e+00
1.524535688961898394e+01
2.049926854799127085e+01
2.575458102613608702e+01
3.093762461612271153e+01
3.620432993167280955e+01
4.144865640623989833e+01
4.675655625473889643e+01
5.202636423706176316e+01
5.727706295136004400e+01
6.252633551191118499e+01
6.777222375150127220e+01
7.296033711687739753e+01
7.822512450152615315e+01
8.347255066239843302e+01
8.872787506241364497e+01
9.397670204305840969e+01
9.923983973888996957e+01
1.044857384101166389e+02
1.097321631338749057e+02
1.149957881361592484e+02
1.202573461841622162e+02
1.254919056664004273e+02
1.306928156694219751e+02
1.359214127262241334e+02
1.411830154812411138e+02
1.464270275164763007e+02
1.516894394684469489e+02
1.569377046309489003e+02
1.621184860460263337e+02
1.673801886467078646e+02
1.726980283546566568e+02
1.779506211561154032e+02
1.832059917533784699e+02
1.884610315187377694e+02
1.937151920461547547e+02
1.989560015689525301e+02
2.041418706422249727e+02
2.094038653287315412e+02
2.147245633051097400e+02
2.199718657765765784e+02
2.252361390305641180e+02
2.304867811159779478e+02
2.357364411373173141e+02
2.409757842700552715e+02
2.461740729518216426e+02
2.514411955328359056e+02
2.566864206183847159e+02
2.619429163421671660e+02
2.671789437046989519e+02
2.724389310462760818e+02
2.776897072527319779e+02
2.829557702775140910e+02
2.882066195054262039e+02
2.934658721617396964e+02
2.987122000203009975e+02
3.039733497442425687e+02
3.091576093650105008e+02
3.144182434680570850e+02
3.196771533705964430e+02
3.249294063987487107e+02
3.301805760269279517e+02
3.354518906356232151e+02
3.407586906915773852e+02
3.460154785011847594e+02
3.512084753627253235e+02
3.564811967521281986e+02
3.617293263033544122e+02
3.669806643279530931e+02
3.722328726490913482e+02
3.775016881357031480e+02
3.826896077706850861e+02
3.879479320113408676e+02
3.932073113375274147e+02
3.984413239039608357e+02
4.037079174519759022e+02
4.089643252519641123e+02
4.142244333024790990e+02
4.194821003500288157e+02
4.247521810451372062e+02
4.300053669596485975e+02
4.352665315859282487e+02
4.405207457617619866e+02
4.457919590345587721e+02
4.510517302922348790e+02
4.563110425579004641e+02
4.615561305419395808e+02
4.668337011521295494e+02
4.720878333651043590e+02
4.773416123926683667e+02
4.826037441806845436e+02
4.878680636319199948e+02
4.931316662806972886e+02
4.983895941191621546e+02
5.036430810609012383e+02
5.088584537829571559e+02
5.141147826005540082e+02
5.193802823169595513e+02
5.246453483753290357e+02
5.298884319949064547e+02
5.351322130439024249e+02
5.403994920994657605e+02
0.000000000000000000e+00
0.000000000000000000e+00
0.000000000000000000e+00
0.000000000000000000e+00
0.000000000000000000e+00
0.000000000000000000e+00
0.000000000000000000e+00
0.000000000000000000e+00
0.000000000000000000e+00
0.000000000000000000e+00
0.000000000000000000e+00
0.000000000000000000e+00
0.000000000000000000e+00
0.000000000000000000e+00
0.000000000000000000e+00
0.000000000000000000e+00
0.000000000000000000e+00
