-3.760625510265459847e-04
-4.524549491050619868e-04
-5.416716377729881467e-04
-6.349186424108139385e-04
-7.284639313473260241e-04
-8.226431348639860449e-04
-9.159213107503840715e-04
-1.010994139655700067e-03
-1.105660849596923909e-03
-1.202047334605543935e-03
-1.296758309207628104e-03
-1.391946784189089991e-03
-1.487376966537163996e-03
-1.582349177032709928e-03
-1.675381516663962140e-03
-1.767580490360837805e-03
-1.858519446308158282e-03
-1.948334265855603724e-03
-2.036705871473044535e-03
-2.124387952705305855e-03
-2.210772856191206212e-03
-2.296995654305653955e-03
-2.382450107180837922e-03
-2.467825292835608073e-03
-2.551987849965978161e-03
-2.635522183686882063e-03
-2.719183992191624016e-03
-2.803042945824565750e-03
-2.886403159480356063e-03
-2.969647652665612265e-03
-3.052938605146174322e-03
-3.134166564050301987e-03
-3.216757093367844048e-03
-3.300312815475297656e-03
-3.382300638658458126e-03
-3.464471769613649936e-03
-3.546688950695013696e-03
-3.628184469015583759e-03
-3.710210530914176148e-03
-3.791220849036210355e-03
-3.873176905815694463e-03
-3.955895839846924715e-03
-4.037107506380080077e-03
-4.118374299154744546e-03
-4.199474894866616487e-03
-4.281155655213305516e-03
-4.362723708062176374e-03
-4.442647533344665396e-03
-4.523782796841344274e-03
-4.605551751735008706e-03
-4.686448841598507206e-03
-4.768581994218624998e-03
-4.850341054658684897e-03
-4.931060899892772409e-03
-5.013713734510264614e-03
-5.095425368527975278e-03
-5.177908286363274402e-03
-5.259622561381759043e-03
-5.342258099304039720e-03
-5.422564051360490890e-03
-5.505144537435653282e-03
-5.587443738329786296e-03
-5.669805095735094315e-03
-5.752383573161779992e-03
-5.835065719168144698e-03
-5.918477599726401465e-03
-6.002042472343579148e-03
-6.084266088539504354e-03
-6.168742143620906462e-03
-6.252620588583505251e-03
-6.337123425644586479e-03
-6.421745479712438580e-03
-6.507606646706819153e-03
-6.591512729184558113e-03
-6.677335434280342978e-03
-6.763151853050340667e-03
-6.848625834452374064e-03
-6.935618540088234717e-03
-7.022366562581962290e-03
-7.108252056541218555e-03
-7.195413153874316396e-03
-7.281925532144054372e-03
-7.368739356473968417e-03
-7.456159718249246067e-03
-7.543347151195696314e-03
-7.630547900737598768e-03
-7.717919757371900606e-03
-7.805757136889112865e-03
-7.893543184278603922e-03
-7.981620002133595418e-03
-8.069713335542721272e-03
-8.157882886002353062e-03
-8.247495166828468227e-03
-8.336056515332502040e-03
-8.426139117479554755e-03
-8.515863696634356356e-03
-8.606763074767260005e-03
-8.696915458850255909e-03
-8.788967726813996101e-03
-8.880678487339623006e-03
-8.973509515756948607e-03
-9.066442799260577071e-03
-9.159851983664243913e-03
-9.254492915950023740e-03
0.000000000000000000e+00
0.000000000000000000e+00
0.000000000000000000e+00
0.000000000000000000e+00
0.000000000000000000e+00
0.000000000000000000e+00
0.000000000000000000e+00
0.000000000000000000e+00
0.000000000000000000e+00
0.000000000000000000e+00
0.000000000000000000e+00
0.000000000000000000e+00
0.000000000000000000e+00
0.000000000000000000e+00
0.000000000000000000e+00
0.000000000000000000e+00
0.000000000000000000e+00
