-1.699960887252826690e-03
-1.630697093386507908e-03
-1.550226261300363109e-03
-1.465215994331307142e-03
-1.378363672921030601e-03
-1.290955134550455076e-03
-1.204921872216072228e-03
-1.117130259800272691e-03
-1.029943083715744801e-03
-9.408520430310661747e-04
-8.532682393483921428e-04
-7.646586476727285824e-04
-6.771565748929771287e-04
-5.885095992416715556e-04
-5.036432829198586722e-04
-4.177078742587695629e-04
-3.338192754991155557e-04
-2.510451958220475213e-04
-1.698841378828395065e-04
-8.867735532003750368e-05
-8.434141005904503970e-06
7.096692851032502104e-05
1.497640829857800431e-04
2.287071988003950955e-04
3.064916720153565465e-04
3.832908689559525470e-04
4.594575171134745203e-04
5.369858505192315638e-04
6.132322933578300116e-04
6.901973351465430376e-04
7.665420784788615867e-04
8.419452222334558979e-04
9.182930933087565936e-04
9.951125088736292520e-04
1.071107056697070178e-03
1.146575622409038309e-03
1.222075688961039028e-03
1.297962925412169365e-03
1.373112163459689261e-03
1.447141222699227210e-03
1.522762526526816275e-03
1.598889072551104920e-03
1.674535956848082537e-03
1.749048252378339373e-03
1.824424437967231763e-03
1.899334589851806422e-03
1.973511323242136892e-03
2.047506982654831789e-03
2.122489407743311744e-03
2.197385298609289689e-03
2.272739403822130865e-03
2.347734377117574340e-03
2.423069715872523937e-03
2.498044954599152375e-03
2.574226310595696069e-03
2.649447375026695983e-03
2.724931504983503245e-03
2.800407331527393195e-03
2.876490312560147245e-03
2.951233763190787632e-03
3.027326276392629592e-03
3.103012294711917675e-03
3.179688206449973395e-03
3.254958234952655058e-03
3.331884850184731878e-03
3.408812098412412547e-03
3.486359831271664857e-03
3.562200114343030011e-03
3.640416402264684721e-03
3.718513277427490816e-03
3.796507272187211318e-03
3.874542560601300541e-03
3.953122634819790371e-03
4.031296065215584853e-03
4.110681756662152783e-03
4.189536364797385656e-03
4.268749173974126405e-03
4.348660735827060593e-03
4.428991117359298672e-03
4.508401942454829878e-03
4.588081083216172598e-03
4.669006443380666234e-03
4.749036524351597614e-03
4.829551182074524364e-03
4.910489648971514201e-03
4.991008663193596297e-03
5.072387322680265570e-03
5.153779349544680352e-03
5.234832760996258223e-03
5.316368515097701607e-03
5.397682422857637795e-03
5.479506115488604230e-03
5.562059800990547601e-03
5.643757304086204248e-03
5.726900047849756321e-03
5.809575268507572061e-03
5.892841707059058229e-03
5.976129481285883706e-03
6.061214516206223264e-03
6.146121009131340698e-03
6.231721414178036447e-03
6.317540575058294347e-03
6.403910888934023250e-03
6.491743459888872983e-03
0.000000000000000000e+00
0.000000000000000000e+00
0.000000000000000000e+00
0.000000000000000000e+00
0.000000000000000000e+00
0.000000000000000000e+00
0.000000000000000000e+00
0.000000000000000000e+00
0.000000000000000000e+00
0.000000000000000000e+00
0.000000000000000000e+00
0.000000000000000000e+00
0.000000000000000000e+00
0.000000000000000000e+00
0.000000000000000000e+00
0.000000000000000000e+00
0.000000000000000000e+00
