9.857221358287519657e-04
9.463339379741379700e-04
9.018641421250979829e-04
8.618968740397400146e-04
8.223105927934220216e-04
7.828625680992400138e-04
7.438553942894119645e-04
7.048902257668179013e-04
6.650789613744380021e-04
6.251395231870879787e-04
5.864766141449979323e-04
5.470406441125199876e-04
5.082913805339640562e-04
4.694098877341239544e-04
4.290074984492960194e-04
3.872044244448060043e-04
3.435852263608179863e-04
2.989384427780559768e-04
2.530998475336760636e-04
2.059041354982000345e-04
1.584259574390919998e-04
1.101672400346500111e-04
6.111667273808999606e-05
1.151144218016200323e-05
-3.903353111023399571e-05
-8.817324337420999697e-05
-1.386560830687860030e-04
-1.896653840692620109e-04
-2.411141965472360154e-04
-2.928625524862560336e-04
-3.452230917699599831e-04
-3.969638205310499664e-04
-4.491721883136140666e-04
-5.024341484114060565e-04
-5.550243587651679548e-04
-6.084912853176740674e-04
-6.619380091501020531e-04
-7.147716566999420427e-04
-7.687067803601122179e-04
-8.219403896794520714e-04
-8.757751322369140964e-04
-9.305009896168219864e-04
-9.844481679386958995e-04
-1.038547852613423998e-03
-1.093189141332673916e-03
-1.147562362651993913e-03
-1.201995596839611777e-03
-1.256016889007517982e-03
-1.310697169348575735e-03
-1.365262149082779874e-03
-1.420212245493830032e-03
-1.476331197621215830e-03
-1.531738813090828110e-03
-1.586610665818039825e-03
-1.642201593998193982e-03
-1.697180450450902012e-03
-1.752398316615913889e-03
-1.807804704295907930e-03
-1.863574666525813711e-03
-1.918542286843230018e-03
-1.974102780723155977e-03
-2.029850196270985719e-03
-2.086012418680970038e-03
-2.141234749535501913e-03
-2.196848336014970132e-03
-2.253236769360634269e-03
-2.308691226864460246e-03
-2.362592902558976072e-03
-2.417183033377476396e-03
-2.471900779904756627e-03
-2.525934610409064085e-03
-2.579861586010860196e-03
-2.633400580093368023e-03
-2.686268419723782108e-03
-2.740155324737136248e-03
-2.793143822601828336e-03
-2.845666281292124310e-03
-2.899527514340737803e-03
-2.952432448099914439e-03
-3.005335372748806251e-03
-3.058631524927172066e-03
-3.111620320437831922e-03
-3.164350498808046318e-03
-3.216705382818358435e-03
-3.269620064482986217e-03
-3.322455051439682141e-03
-3.375008093253190414e-03
-3.428253645616996092e-03
-3.480400921564628242e-03
-3.532741518568475753e-03
-3.584963987328774332e-03
-3.637011737905855666e-03
-3.689157711652378720e-03
-3.741412512205949913e-03
-3.792734304267080143e-03
-3.844535231925198283e-03
-3.895374986341152042e-03
-3.945136332209296659e-03
-3.995493081630678046e-03
-4.044698238801868254e-03
-4.094204948544388593e-03
-4.143139991999618410e-03
-4.191382487698804525e-03
-4.239260404292936706e-03
0.000000000000000000e+00
0.000000000000000000e+00
0.000000000000000000e+00
0.000000000000000000e+00
0.000000000000000000e+00
0.000000000000000000e+00
0.000000000000000000e+00
0.000000000000000000e+00
0.000000000000000000e+00
0.000000000000000000e+00
0.000000000000000000e+00
0.000000000000000000e+00
0.000000000000000000e+00
0.000000000000000000e+00
0.000000000000000000e+00
0.000000000000000000e+00
0.000000000000000000e+00
