4.987567691150740848e-04
5.368459999356235473e-04
5.809419772396451831e-04
6.201181976872376881e-04
6.581895016960361651e-04
6.959140223173525611e-04
7.334034487953536210e-04
7.709238938646416654e-04
8.087845392390880612e-04
8.461044048565645893e-04
8.832615902362840957e-04
9.208876249706365565e-04
9.582078253211125411e-04
9.959054929173580262e-04
1.033957903107962607e-03
1.074033699895433555e-03
1.116074974470857625e-03
1.159466004077932275e-03
1.203855914148069944e-03
1.249915621189935959e-03
1.296291874071662685e-03
1.342755417881147818e-03
1.390728681903488683e-03
1.439080157022709205e-03
1.487695364552980284e-03
1.536519259512161622e-03
1.585958616879757288e-03
1.635701205152344153e-03
1.685854176082318082e-03
1.736470305905933554e-03
1.787167403922872676e-03
1.836935208748088737e-03
1.889101338322166741e-03
1.940812082246702814e-03
1.992206391909044551e-03
2.044138840656916506e-03
2.096007318209327369e-03
2.148169096254412113e-03
2.200306066864977927e-03
2.252073083125985531e-03
2.304884205997544643e-03
2.358867303485464358e-03
2.411605342985465375e-03
2.464883455583882863e-03
2.519023654426234566e-03
2.572253342317390185e-03
2.625254110029443932e-03
2.678060695409231837e-03
2.732011993262198520e-03
2.785717708671199035e-03
2.839171630479464352e-03
2.892558122184608720e-03
2.946679761941765983e-03
2.999749819384716232e-03
3.053400080693466183e-03
3.107109106239906021e-03
3.161071933785078447e-03
3.214200569502939989e-03
3.267937303503227597e-03
3.320545057481312946e-03
3.374635753032294034e-03
3.428471939925988813e-03
3.481831838953949616e-03
3.535686882473282940e-03
3.589216416746879735e-03
3.643121744601248747e-03
3.696377802014254310e-03
3.748866577007294813e-03
3.801589479137207957e-03
3.853919739458707295e-03
3.906230250533236636e-03
3.957705193655902676e-03
4.009979665144152751e-03
4.061199950839309777e-03
4.112884213664329096e-03
4.164433541897995597e-03
4.215948690173157085e-03
4.267301009440339389e-03
4.318922193691231669e-03
4.369471897610724236e-03
4.420853338648863054e-03
4.471627239292908992e-03
4.522892974290888130e-03
4.574141005632447951e-03
4.624596947119525084e-03
4.675871831486157551e-03
4.727048527506268888e-03
4.777769094025728462e-03
4.828503830908832672e-03
4.879456739322501554e-03
4.930148704766781041e-03
4.980357687685337854e-03
5.030504112725544055e-03
5.080665935483726775e-03
5.130408598141424775e-03
5.180484431711292539e-03
5.229484805346321270e-03
5.277709156310842094e-03
5.325492329182023032e-03
5.373624628571681272e-03
5.421316233371222329e-03
5.468318065036457780e-03
5.515211815135411325e-03
5.561243925301097464e-03
0.000000000000000000e+00
0.000000000000000000e+00
0.000000000000000000e+00
0.000000000000000000e+00
0.000000000000000000e+00
0.000000000000000000e+00
0.000000000000000000e+00
0.000000000000000000e+00
0.000000000000000000e+00
0.000000000000000000e+00
0.000000000000000000e+00
0.000000000000000000e+00
0.000000000000000000e+00
0.000000000000000000e+00
0.000000000000000000e+00
0.000000000000000000e+00
0.000000000000000000e+00
