-4.760628823830001496e-06
-4.950777732631999449e-06
-4.968087686154499163e-06
-5.043134710458498896e-06
-5.325454468554499623e-06
-5.303379624599998864e-06
-5.431473280666498949e-06
-5.489359254273998339e-06
-5.410254627961498808e-06
-5.611943505778497983e-06
-5.574494445039498649e-06
-5.678130811935497876e-06
-5.690378069373996956e-06
-5.866343983999498926e-06
-5.943066165095999204e-06
-6.029653158414997617e-06
-6.026526199068998122e-06
-6.087464680609498167e-06
-6.229406299493999040e-06
-6.525797374646998765e-06
-6.222593995204498175e-06
-6.449931384799998257e-06
-6.583385542602498565e-06
-6.728044638061498121e-06
-6.838195503594999472e-06
-7.186032505130999536e-06
-7.022537202182999937e-06
-7.254490579384500847e-06
-7.627976092699000971e-06
-7.633224917315499972e-06
-7.915805255357001292e-06
-7.980652436079998377e-06
-8.166818194286498759e-06
-8.621306844945000558e-06
-8.509406371206000669e-06
-8.798687336417500786e-06
-8.955779817847502871e-06
-8.892645019623501940e-06
-9.372261022169501766e-06
-9.284817837601002735e-06
-9.783344499049002288e-06
-9.988495367570500390e-06
-1.023076026547249839e-05
-1.028905572185150113e-05
-1.044093660437150152e-05
-1.074808590870300238e-05
-1.090402439323150341e-05
-1.113627557608500391e-05
-1.133126382673200344e-05
-1.180559377895500019e-05
-1.196607379967650236e-05
-1.226849543928250032e-05
-1.242968274842750374e-05
-1.261238651592950097e-05
-1.286522351447750004e-05
-1.316745902555100133e-05
-1.337916161841650394e-05
-1.365995512254600434e-05
-1.385356602205250376e-05
-1.455113853615600688e-05
-1.475852294706750402e-05
-1.486335053657150329e-05
-1.522566833793600316e-05
-1.553583292449400399e-05
-1.582090738487100409e-05
-1.653251399032499959e-05
-1.684826243285800223e-05
-1.728845641222050513e-05
-1.768989843111650658e-05
-1.810798034081800972e-05
-1.886492785678900509e-05
-1.958710656288900674e-05
-2.007692240901600583e-05
-2.096389931779150666e-05
-2.136709094489300833e-05
-2.222611134808700445e-05
-2.291448911268500322e-05
-2.386139940892550664e-05
-2.445384652787300836e-05
-2.527236536239500618e-05
-2.602220276842451041e-05
-2.703738501038600492e-05
-2.795179726485200758e-05
-2.863071969999900394e-05
-2.952908767496350916e-05
-3.051244193786750855e-05
-3.109867236382950857e-05
-3.176471470452750344e-05
-3.292038676282000919e-05
-3.381101179083250986e-05
-3.492517718637751055e-05
-3.566864899659551034e-05
-3.655581203390350953e-05
-3.710157811690001025e-05
-3.874881562952500855e-05
-3.959849238038750941e-05
-4.131563976981951220e-05
-4.288846309515101233e-05
-4.506452899431501429e-05
-4.693713093409100407e-05
-4.909082418364851331e-05
-5.215416479724001823e-05
-5.521940392186301260e-05
-5.863296398220651514e-05
0.000000000000000000e+00
0.000000000000000000e+00
0.000000000000000000e+00
0.000000000000000000e+00
0.000000000000000000e+00
0.000000000000000000e+00
0.000000000000000000e+00
0.000000000000000000e+00
0.000000000000000000e+00
0.000000000000000000e+00
0.000000000000000000e+00
0.000000000000000000e+00
0.000000000000000000e+00
0.000000000000000000e+00
0.000000000000000000e+00
0.000000000000000000e+00
0.000000000000000000e+00
