-3.826330071206507934e-06
-4.391430923805006186e-06
-4.874297367747508636e-06
-5.456902827261007689e-06
-6.127403759794507335e-06
-6.611350275227508037e-06
-7.196004146188507831e-06
-7.983897676586008260e-06
-8.401885343409507247e-06
-9.034025116108010547e-06
-9.710112625316508214e-06
-1.015796985542900737e-05
-1.067889950845050957e-05
-1.153867365873300802e-05
-1.201632596444551074e-05
-1.264921061403400892e-05
-1.346220649562450807e-05
-1.400846196290600898e-05
-1.451162630210101039e-05
-1.522521836272100784e-05
-1.565259147835850465e-05
-1.628670517481550615e-05
-1.684763471683000801e-05
-1.741936497374950931e-05
-1.786163562718700706e-05
-1.847258365236500974e-05
-1.856558153208150838e-05
-1.933325165491550646e-05
-2.000155520062350960e-05
-2.048051104089351225e-05
-2.095659910513700489e-05
-2.147309674066300562e-05
-2.210758287556501049e-05
-2.251197653914601017e-05
-2.305718917878150944e-05
-2.346031655164950919e-05
-2.392329478262900927e-05
-2.442329339504151084e-05
-2.499424153122650879e-05
-2.522857980082050699e-05
-2.605345646880650553e-05
-2.646768250733550810e-05
-2.682075415319550702e-05
-2.743766119349351279e-05
-2.788812549272101012e-05
-2.851300271574200870e-05
-2.882078584669000654e-05
-2.929002104354550630e-05
-2.968540169675750644e-05
-3.022785829190000585e-05
-3.093608723891200696e-05
-3.144960536687801462e-05
-3.175370135722050926e-05
-3.227302952492850985e-05
-3.288934066371450548e-05
-3.326077352491301024e-05
-3.360680608416251628e-05
-3.421719545167300884e-05
-3.472538770987549983e-05
-3.544125164501000732e-05
-3.579890428374350600e-05
-3.623778574733151070e-05
-3.673182534462400242e-05
-3.728776421147550452e-05
-3.757968146466650317e-05
-3.834876685359151134e-05
-3.886180081157901563e-05
-3.927051476112201510e-05
-3.998097833880401270e-05
-4.027937602093800424e-05
-4.090168341868850974e-05
-4.190343110420500941e-05
-4.215397044615651356e-05
-4.282603562015900296e-05
-4.335959093646600960e-05
-4.408044554676350329e-05
-4.461061167322101349e-05
-4.522841256578700905e-05
-4.581753569808801285e-05
-4.635500161806751590e-05
-4.683637830823000827e-05
-4.755242846258701236e-05
-4.837183028543150779e-05
-4.880259259091850613e-05
-4.957447126818101076e-05
-5.038143364696251361e-05
-5.075707506258951476e-05
-5.153074144438801930e-05
-5.208142892916500474e-05
-5.262600842344401081e-05
-5.345572679121500233e-05
-5.406473813647901189e-05
-5.461751127654801755e-05
-5.504685831594400918e-05
-5.629151035528951000e-05
-5.645687302486951511e-05
-5.744569709634451206e-05
-5.818696133342801826e-05
-5.913902573038150692e-05
-5.973310229400101385e-05
-6.033976727706151337e-05
-6.118065879818251787e-05
-6.217298379104050786e-05
-6.324083930054449400e-05
0.000000000000000000e+00
0.000000000000000000e+00
0.000000000000000000e+00
0.000000000000000000e+00
0.000000000000000000e+00
0.000000000000000000e+00
0.000000000000000000e+00
0.000000000000000000e+00
0.000000000000000000e+00
0.000000000000000000e+00
0.000000000000000000e+00
0.000000000000000000e+00
0.000000000000000000e+00
0.000000000000000000e+00
0.000000000000000000e+00
0.000000000000000000e+00
0.000000000000000000e+00
