9.364514261289979653e-07
9.494496870034981381e-07
8.714601217564980541e-07
7.725765039289980165e-07
7.708632661059981770e-07
9.422987813074980391e-07
7.595782430544980555e-07
5.966344283669979735e-07
6.398005726464980645e-07
6.685904169329980104e-07
8.452773785049980527e-07
1.007439062881998162e-06
7.079948868619981314e-07
7.616266795819979741e-07
6.628175503554982012e-07
8.098208044289981926e-07
6.160014646269980608e-07
5.071363742654981387e-07
8.488155870524981817e-07
6.823335638174981825e-07
8.044948694574979595e-07
