1.577023499773328452e-01
4.652956843757388938e+00
9.908542034687705780e+00
1.515907086233272061e+01
2.041287969457276930e+01
2.566074100371478295e+01
3.083793989673560532e+01
3.610492090553881894e+01
4.135201176380592614e+01
4.665607127980089075e+01
5.191241947043709359e+01
5.716199156798214887e+01
6.240708551295652740e+01
6.765511819898559054e+01
7.283489966718279618e+01
7.809427601290174437e+01
8.334474523119473588e+01
8.859678217544592371e+01
9.383665732165071915e+01
9.911024304665801310e+01
1.043442854177674235e+02
