-3.600125197734559872e-04
-4.630881389819020591e-04
-5.834001195516800567e-04
-7.041123791260920761e-04
-8.250102526985639414e-04
-9.459006868322358949e-04
-1.065236947806200065e-03
-1.186199842073783726e-03
-1.307196436999132029e-03
-1.430493455190215944e-03
-1.551556261120883972e-03
-1.672711092909507898e-03
-1.794746493871693816e-03
-1.916651258288551906e-03
-2.038882725660311895e-03
-2.161088303785048143e-03
-2.284221728716920048e-03
-2.407360175269982437e-03
-2.530110580695236165e-03
-2.653791511125594502e-03
-2.776049723279840151e-03
