-1.620810595700689820e-03
-1.528633887624126055e-03
-1.419478189534740175e-03
-1.308862729113612197e-03
-1.198906924581402125e-03
-1.088568641764536089e-03
-9.801769693685746972e-04
-8.688667031850166563e-04
-7.585496815734210380e-04
-6.464169679257392599e-04
-5.347915071666736308e-04
-4.238509848856305455e-04
-3.128390830415340757e-04
-2.014650332421645648e-04
-9.141077927609251512e-05
2.067833214501900224e-05
1.326859733084565169e-04
2.448214423487655197e-04
3.564985108670340203e-04
4.688786140905780767e-04
5.812646749198020768e-04
