4.756465052891500184e-04
4.874825525738035736e-04
5.012762300171995583e-04
5.152254839202520835e-04
5.285419808765830750e-04
5.419546949739926156e-04
5.560478096817191842e-04
5.701191667444780418e-04
5.834166954975041107e-04
5.976475714308026113e-04
6.115728361355576067e-04
6.254038920972311176e-04
6.392121490223830887e-04
6.525078925327450641e-04
6.663000822739211697e-04
6.800808539005585591e-04
6.947300716981210300e-04
7.083069165429521207e-04
7.217307884070116222e-04
7.359930548571520228e-04
7.492754834326450283e-04
