9.849942798197540601e-04
9.716911421029780435e-04
9.551890543451219953e-04
9.390272875459278711e-04
9.224855012570901038e-04
9.063951694902159682e-04
8.904215893542899440e-04
8.742072880417439944e-04
8.586664479375439446e-04
8.422888134000578765e-04
8.263611451546959462e-04
8.106701426596399493e-04
7.939741757593781054e-04
7.783723926432300436e-04
7.622460085084819571e-04
7.460225545824200740e-04
7.299196472733979549e-04
7.136002769341480293e-04
6.978637718117339456e-04
6.815534796745080113e-04
6.657702813408640074e-04
