-4.748939951989000904e-06
-4.566571215845499727e-06
-4.522905462120998705e-06
-4.591512439200498540e-06
-4.586040260344998789e-06
-4.500235006862499615e-06
-4.517433283265498954e-06
-4.593224821699498082e-06
-4.665219338070498852e-06
-4.452660553955498166e-06
-4.505260477239997865e-06
-4.703338461526498743e-06
-4.691798492511499216e-06
-4.625164477876497822e-06
-4.655726782912998299e-06
-4.649807895579497894e-06
-4.493683282518498496e-06
-4.580493630076498505e-06
-4.458207184223997603e-06
-4.375305535848498868e-06
-4.234555139571997197e-06
