-3.925063502976007128e-06
-4.623013148906007914e-06
-5.672842637672008522e-06
-6.758314485624509003e-06
-7.652688167447508231e-06
-8.745943978900508315e-06
-9.628213411261009007e-06
-1.058731689482500917e-05
-1.162016319049900895e-05
-1.254071929500550768e-05
-1.354399397814650897e-05
-1.478440021921900663e-05
-1.575944406822900936e-05
-1.699091178662150747e-05
-1.814696071990150943e-05
-1.949593276769150831e-05
-2.050270837221551112e-05
-2.165309624113150659e-05
-2.279841894719550910e-05
-2.403353656234901041e-05
-2.523096340686851026e-05
