4.785327514814979544e-07
4.447149266274980398e-07
5.115312017244979757e-07
4.441562621199979609e-07
7.773437743929981178e-07
4.157761051389980411e-07
5.909732946909979789e-07
4.816612727234980573e-07
3.988671927119980573e-07
5.562616066249980122e-07
5.412521535234980001e-07
6.615139998379980701e-07
5.947722133419980282e-07
5.843438092019980382e-07
6.680317524254980903e-07
8.260220751464979918e-07
7.013281570724980055e-07
7.202110174259980138e-07
7.137677534394979406e-07
5.349951110394980061e-07
7.997275989934980699e-07
4.630018781729979428e-07
5.006558659784979861e-07
6.559273547629980225e-07
7.071010236499981323e-07
4.373777994289980204e-07
5.914947148979981373e-07
7.170080075829981757e-07
7.421479104204980722e-07
7.977164067664980189e-07
6.291859470039979952e-07
7.042332125114981615e-07
9.155573735484981176e-07
7.386469461734980226e-07
7.147733495529980720e-07
5.566340496299980648e-07
5.800234703439979365e-07
7.562262560094978999e-07
8.360035476804980881e-07
8.704172813424979492e-07
6.774918047524980283e-07
5.482913263179980728e-07
5.969323827709980791e-07
5.121271105324980810e-07
7.986847585794979650e-07
7.274364117229980598e-07
8.161523355139980277e-07
9.247194714714979500e-07
6.528360778214981049e-07
8.069529932904981159e-07
5.345109351329980331e-07
9.162277709574980641e-07
4.244912714559980856e-07
7.697459370909980193e-07
8.600261215029980386e-07
7.500437021264981705e-07
5.579748444479979576e-07
5.322762771029980352e-07
6.473984099484980572e-07
7.115703397099981280e-07
6.003588584169979699e-07
6.951828474899980378e-07
7.022220202844980046e-07
8.737320240869980254e-07
8.570838217634980149e-07
9.388723056614981482e-07
9.331739276849980743e-07
5.437102773564980507e-07
4.203943984009979837e-07
6.265416016684979713e-07
6.432642925929980347e-07
