3.668297110951252762e+02
3.615765654169265417e+02
3.563271170087868995e+02
3.510705676365876116e+02
3.458816927617393731e+02
3.406295336183166000e+02
3.353140380481361262e+02
3.300483177771282044e+02
3.248114886688117622e+02
3.195610999231439564e+02
3.143078082020327315e+02
3.090495823168077436e+02
3.038646580517649340e+02
2.986101547705737858e+02
2.933603725500628912e+02
2.881007369036625505e+02
2.828489279651828383e+02
2.776015375699218453e+02
2.723459285352507209e+02
2.670861393947690203e+02
2.618460869107419171e+02
2.566008990810381079e+02
2.513524729732857281e+02
2.460919878936191481e+02
2.408997629731872792e+02
2.356609235394738562e+02
2.304119758498912631e+02
2.251556351104240434e+02
2.198939667851198010e+02
2.146425497781297054e+02
2.093388032112328858e+02
2.040703662440064932e+02
1.988810040627055002e+02
1.936393525578104118e+02
1.883857016903532156e+02
1.831383530216386077e+02
1.778770050966015503e+02
1.726344370979191183e+02
1.673196225645855293e+02
1.620590048541106967e+02
1.568741863956676355e+02
1.516340042612999071e+02
1.463731958008986282e+02
1.411295369510742148e+02
1.358724257607321135e+02
1.306350020491292128e+02
1.254425774373680582e+02
1.201984983416118666e+02
1.149355841808503982e+02
1.096829973403268070e+02
1.044395769279104655e+02
9.919406422723814387e+01
9.393613936924093366e+01
8.868638397293844378e+01
8.343656449658249130e+01
7.818222365087562764e+01
7.292384278133546616e+01
6.773771738784927265e+01
6.249723124578623157e+01
5.724352076897702801e+01
5.198912180415195650e+01
4.673951990193088335e+01
4.142407350946585609e+01
3.617638059674330009e+01
3.090868427571582444e+01
2.572782387824702255e+01
2.048003857102883885e+01
1.522743682816724231e+01
9.972170547270245322e+00
4.715569016887946496e+00
1.948017204422907989e-01
