1.442839952458204117e-03
1.429457066790305788e-03
1.415799625677706180e-03
1.402462152120072985e-03
1.388303504129555829e-03
1.374060168690164566e-03
1.360030913600231628e-03
1.345812720328358643e-03
1.332500835248909667e-03
1.319131004167991769e-03
1.305226678871983194e-03
1.291193109445612454e-03
1.277598449366696429e-03
1.263377466653161198e-03
1.249680341083843002e-03
1.235701853832167803e-03
1.221462869921770018e-03
1.207882789324610413e-03
1.193974521617719060e-03
1.180400354636884381e-03
1.166525374267165290e-03
1.152434677075546161e-03
1.138697086005844303e-03
1.124611000691107081e-03
1.111189732305932531e-03
1.097453777708672605e-03
1.083779265213098654e-03
1.069694593215470609e-03
1.055988801780721135e-03
1.041792663694259642e-03
1.027993704907982512e-03
1.014159227231202975e-03
1.000037102330186703e-03
9.862507890127795215e-04
9.721924493444456363e-04
9.579655530145855889e-04
9.446673176030051479e-04
9.305751327091661392e-04
9.167841703223215911e-04
9.025135727397490433e-04
8.886531718517861559e-04
8.741859000357297352e-04
8.607641109547781080e-04
8.470042043517760034e-04
8.325672444684521951e-04
8.192562892028906708e-04
8.058363597497142719e-04
7.917018125351606974e-04
7.779322730602840786e-04
7.636336694834200889e-04
7.497703675761280360e-04
7.361173523776330403e-04
7.220922256613607161e-04
7.082682734777875780e-04
6.944832618998230886e-04
6.801221748297191878e-04
6.666457498847381787e-04
6.524603604468160551e-04
6.388353512426126098e-04
6.250154902401446272e-04
6.112752213064465753e-04
5.971832595679406460e-04
5.828897513711800730e-04
5.695320078707995877e-04
5.553032519131646371e-04
5.417486482165225501e-04
5.280185328504760894e-04
5.140074277276271073e-04
5.003875139035270786e-04
4.860364688234080667e-04
4.739964575643925912e-04
