6.411356294927497354e-03
6.302525807638167943e-03
6.193151093069971039e-03
6.083458987059171298e-03
5.974150662559271456e-03
5.863641992219958271e-03
5.752040436353683152e-03
5.641131675557920985e-03
5.530549056438104245e-03
5.420340947305346199e-03
5.309615792469636088e-03
5.198832104158118347e-03
5.089724402029492493e-03
4.978590406503990810e-03
4.868005851162328021e-03
4.755999699400310574e-03
4.645173563148322950e-03
4.533663977819733445e-03
4.422214080253050565e-03
4.311456270291206053e-03
4.199879699133751872e-03
4.088941597130016890e-03
3.978060874315986206e-03
3.866098697130894348e-03
3.755273677929972520e-03
3.643782039888494341e-03
3.532447831577109881e-03
3.421122596909280215e-03
3.308606511336090183e-03
3.196792790237537249e-03
3.083425139402462111e-03
2.971100404676706597e-03
2.860833389717787247e-03
2.749044355447770576e-03
2.637156946213962527e-03
2.524630918886294241e-03
2.412444177202101650e-03
2.299386731447776531e-03
2.186049613341811606e-03
2.072842668919954671e-03
1.961806787712996360e-03
1.849467829203679933e-03
1.736667900954873105e-03
1.624288914782394139e-03
1.511403122541724736e-03
1.399013040328666788e-03
1.286676353156515802e-03
1.174235035534609579e-03
1.060977712109721291e-03
9.473763369568127032e-04
8.342917840966440840e-04
7.212183645120900325e-04
6.081675838291199839e-04
4.944497002501320720e-04
3.807796636917615773e-04
2.676794721166829839e-04
1.528244677885605180e-04
4.002610341124500696e-05
-7.293821751929399795e-05
-1.866006953654579862e-04
-3.007289462706914680e-04
-4.147683171461865746e-04
-5.300796740693971198e-04
-6.443211567175861736e-04
-7.588904193832815949e-04
-8.713847969307750643e-04
-9.853636608735825888e-04
-1.100128854296078887e-03
-1.213938671177716613e-03
-1.327868719988983641e-03
-1.424445343270440163e-03
