-9.170298889993530600e-03
-9.050812501144582523e-03
-8.930675384583799600e-03
-8.809088730570027725e-03
-8.689581994855961541e-03
-8.567510289432433285e-03
-8.444686903112551615e-03
-8.322869031340876175e-03
-8.201203519275826123e-03
-8.080191710698134480e-03
-7.957757295435909442e-03
-7.835786915168833910e-03
-7.714818850491285927e-03
-7.592739966009313599e-03
-7.471336359387215596e-03
-7.348965104960404789e-03
-7.226407678577622708e-03
-7.103982860191451060e-03
-6.981678560713838917e-03
-6.859731726270565377e-03
-6.737361178590440050e-03
-6.614790510006594848e-03
-6.492109886517284309e-03
-6.369209762386180904e-03
-6.247631886910194610e-03
-6.125231990644002672e-03
-6.002529495204620737e-03
-5.879835703908634428e-03
-5.756357312199606585e-03
-5.633365571379680969e-03
-5.509577438636214901e-03
-5.386364076934436508e-03
-5.264514178378728974e-03
-5.142026347945920402e-03
-5.018490560966549704e-03
-4.895247590298348536e-03
-4.772077488933192113e-03
-4.648933016434701748e-03
-4.524231766972924493e-03
-4.400511184333761976e-03
-4.278672965696970164e-03
-4.155102213355240520e-03
-4.031201893874671212e-03
-3.907691326592832234e-03
-3.783602714916233910e-03
-3.660314512460128167e-03
-3.537588805971689926e-03
-3.415104546469505901e-03
-3.290585526061134275e-03
-3.166155816115555702e-03
-3.042261857355160054e-03
-2.918478448655332028e-03
-2.793930302844058015e-03
-2.670046201340071923e-03
-2.545701858954723795e-03
-2.421683661566368089e-03
-2.297040997685140425e-03
-2.174268125154709980e-03
-2.050333881833212024e-03
-1.925845883884635869e-03
-1.801219177599633738e-03
-1.676042771181700079e-03
-1.551040447631686116e-03
-1.426541364919297825e-03
-1.302007688816489948e-03
-1.179429320413485742e-03
-1.054754294973478130e-03
-9.303658739132401141e-04
-8.058588310013360028e-04
-6.813136981627760866e-04
-5.734633355409079602e-04
