-1.446813676047560083e-04
-1.290343050957260115e-04
-1.127680645617640042e-04
-9.624603452405200617e-05
-8.095953289950799073e-05
-6.458301453440199022e-05
-4.816772778196400177e-05
-3.193910225720800476e-05
-1.585271429941000223e-05
-4.951124942599980721e-07
1.621190451256400113e-05
3.231551873076000454e-05
4.836421726786000044e-05
6.476335672653400321e-05
8.041012158959601446e-05
9.625296073407798539e-05
1.125820789787800052e-04
1.285534267699460162e-04
1.443220404511579989e-04
1.608387872729379834e-04
1.770622784047460002e-04
1.932740869323100171e-04
2.092533595473740078e-04
2.251788326537220179e-04
2.412844931879480029e-04
2.573563336990599554e-04
2.736406190198319914e-04
2.891377795782280012e-04
3.054538386060840611e-04
3.213418455262099724e-04
3.386812858035419846e-04
3.547648089188979912e-04
3.705288090876060090e-04
3.861756483621600167e-04
4.030608064808319929e-04
4.191066401754899658e-04
4.343976809010460446e-04
4.511357275000339793e-04
4.679931301321900070e-04
4.840166403792480376e-04
4.995134660859299825e-04
5.159262228476399655e-04
5.321242652491839755e-04
5.477503809232159900e-04
5.633946902070420667e-04
5.796611167697339429e-04
5.956987652002719352e-04
6.119035418418419152e-04
6.280221871814219451e-04
6.436539581288460094e-04
6.598743239779900158e-04
6.764984093769800012e-04
6.924260404165959604e-04
7.086765057142538826e-04
7.252982843569919262e-04
7.411100194978179762e-04
7.575068522002399761e-04
7.734975469793259253e-04
7.892726344603420534e-04
8.055288294428839674e-04
8.218019530398559510e-04
8.379406522765300066e-04
8.543293741263240223e-04
8.710023478755579565e-04
8.866860208386520125e-04
9.026904817437579956e-04
9.187177497711620329e-04
9.350144246053520344e-04
9.515838919692139707e-04
9.679801665854459707e-04
9.816984832218360584e-04
