-3.955660146474003177e-06
-3.898407009877002808e-06
-3.985850194445502685e-06
-3.664033961753002380e-06
-3.977846667548003464e-06
-4.030781622191004289e-06
-3.757731065013501670e-06
-3.989088830911001708e-06
-3.921114690842001740e-06
-4.001038282697502046e-06
-3.968056306738501628e-06
-4.077909366620001695e-06
-4.082488128519503527e-06
-3.963477544839003184e-06
-3.820791411824502069e-06
-4.156455607335001891e-06
-4.040385854468000982e-06
-4.237049261907500213e-06
-4.003867436391499411e-06
-3.991843533191999387e-06
-4.054606074351000197e-06
-4.068044554397501868e-06
-4.080924648846502509e-06
-4.071878802167002609e-06
-3.928634283555003006e-06
-3.881357636300001146e-06
-3.839478716487501046e-06
-4.016263596655999556e-06
-3.920370176711998957e-06
-3.801434044444498723e-06
-3.683130749187498357e-06
-3.936228327681002263e-06
-3.913557872422501479e-06
-3.882474407495001510e-06
-3.839739296433000792e-06
-3.871008889892999975e-06
-3.892115865478499741e-06
-3.783640156737498512e-06
-3.926772998229999011e-06
-3.902576289004999593e-06
-4.226104904196499864e-06
-3.778540234947000153e-06
-4.131626061099500064e-06
-4.085763990691499852e-06
-4.169410153196998830e-06
-4.220409371101999362e-06
-4.121426217518499111e-06
-4.136130371585997975e-06
-4.130323161371997946e-06
-4.247770265379498117e-06
-4.324566897888998081e-06
-4.402182495941497126e-06
-4.215830609202497531e-06
-4.495581793549997251e-06
-4.547027719932999284e-06
-4.522086496577998777e-06
-4.481547702199498944e-06
-4.467253030903497503e-06
-4.335213449947997995e-06
-4.332570424786498149e-06
-4.269807883627499034e-06
-4.496065727734497748e-06
-4.403783201320998834e-06
-4.474288689431998272e-06
-4.585295746214998546e-06
-4.317754593599499757e-06
-4.499229912786998779e-06
-4.380666037584498243e-06
-4.474288689431998272e-06
-4.426118625220997645e-06
-4.323822383759001227e-06
