-1.163757383964265186e-04
-1.119243168579420189e-04
-1.078806409290435119e-04
-1.038659779550105068e-04
-1.002855037201585135e-04
-9.658491808679401606e-05
-9.301416449535651880e-05
-8.974508604436900615e-05
-8.669064386923501302e-05
-8.412715005230001516e-05
-8.178730552158751605e-05
-7.946038460491651966e-05
-7.741517612804352244e-05
-7.526289159823301375e-05
-7.337146295530051884e-05
-7.181202594224101376e-05
-6.983251560706602674e-05
-6.799978326306550173e-05
-6.627643609036152196e-05
-6.472627279458251302e-05
-6.309111904565451519e-05
-6.165231484493052089e-05
-6.011805467075301453e-05
-5.850677422614950532e-05
-5.728711280646351338e-05
-5.581478914568950724e-05
-5.458901973550551562e-05
-5.315740359677001756e-05
-5.183033092954601078e-05
-5.055707561762450464e-05
-4.939637120378201308e-05
-4.808702660654000540e-05
-4.690192747455000492e-05
-4.563932390215551179e-05
-4.435705557986501288e-05
-4.311821358026150499e-05
-4.203162441697400964e-05
-4.054622816678050756e-05
-3.939662241859900866e-05
-3.819938179330200880e-05
-3.706132163691551608e-05
-3.580925807251451225e-05
-3.454441986945000568e-05
-3.343574510637400808e-05
-3.222509669705700891e-05
-3.102793055944900904e-05
-2.992592244453851110e-05
-2.878350475834550844e-05
-2.769691559505800971e-05
-2.635885599370651027e-05
-2.526645679067700845e-05
-2.403078051785601055e-05
-2.288810212475151130e-05
-2.163797524026451075e-05
-2.058941204221150669e-05
-1.941854005882050888e-05
-1.834744433484500936e-05
-1.707113502767451015e-05
-1.580611060538751036e-05
-1.480834801123250879e-05
-1.349323061809300987e-05
-1.258366144771400718e-05
-1.133133717640150845e-05
-1.050932828444200806e-05
-9.398269915318008890e-06
-8.453803262642507985e-06
-7.384681462425507515e-06
-6.687476693385508385e-06
-5.497126179321007329e-06
-4.621039225147508015e-06
-3.667336099036008005e-06
