1.158092258404498309e-06
9.910888149624981511e-07
9.988728737669981172e-07
8.771212554324980486e-07
7.551461712949979274e-07
8.717953204609980273e-07
7.597644645569981347e-07
8.250909676339981250e-07
5.982359332884978926e-07
7.397642751884979686e-07
7.033393492994980565e-07
8.368229222914980343e-07
9.858001242914981032e-07
8.701565712389981347e-07
8.151839837009981874e-07
5.485520364214980990e-07
8.037499834474978543e-07
7.742152531509980150e-07
5.456842252829980224e-07
7.677719891644981535e-07
9.148497318389981977e-07
