1.043099280774954991e+02
9.906736603974827915e+01
9.381318911975949959e+01
8.857184609326112934e+01
8.332348257532832747e+01
7.808097865669932958e+01
7.282568257112632182e+01
6.764077022795379435e+01
6.240418104727923065e+01
5.715151075366281219e+01
5.190863129611608429e+01
4.664692571496684792e+01
4.134569019202396589e+01
3.610760779708122215e+01
3.084430021459640159e+01
2.566826370394000989e+01
2.042029062726295408e+01
1.517456929385855346e+01
9.924922684623469493e+00
4.672599615482579516e+00
1.642683201026031714e-01
