-6.140712542797700877e-04
-5.358171156271439913e-04
-4.573712929711260195e-04
-3.793166887342980394e-04
-3.002080457132899746e-04
-2.219235471719280294e-04
-1.437738450483240212e-04
-6.550292660425199702e-05
1.293597578301000371e-05
9.179277310934400415e-05
1.709126150598980112e-04
2.496823509405920560e-04
3.293458432516979998e-04
4.079723742160379753e-04
4.868274600780560083e-04
5.647604015254638994e-04
6.438802062702720166e-04
7.227191448385259691e-04
8.024237867047080220e-04
8.815704912038739398e-04
9.494125274269080931e-04
