-1.384539520961900090e-03
-1.331629748652777981e-03
-1.279395737767054057e-03
-1.226143118920833969e-03
-1.172883841776887776e-03
-1.120169801102594053e-03
-1.067578101999366001e-03
-1.015321475219690007e-03
-9.624471518364499439e-04
-9.091726238429640242e-04
-8.570564908650259552e-04
-8.032814002318820149e-04
-7.501213280043340578e-04
-6.972351759134020515e-04
-6.437500746046820321e-04
-5.921064203849319557e-04
-5.389149165284539723e-04
-4.859634461648579978e-04
-4.327032762882559937e-04
-3.800502018149279912e-04
-3.342374309378419754e-04
