-6.381972966040784989e-04
-6.846086459578052189e-04
-7.304890609403370512e-04
-7.769894764989797699e-04
-8.239081904464291752e-04
-8.696523624340666463e-04
-9.161689379981161107e-04
-9.618954978139619737e-04
-1.008684075312339190e-03
-1.055090733051592582e-03
-1.101300454688086379e-03
-1.147586731557568782e-03
-1.194833188287489295e-03
-1.240993014976413036e-03
-1.287956113086178482e-03
-1.333810686954073864e-03
-1.379990062036635153e-03
-1.426274775034626048e-03
-1.473750674053297570e-03
-1.519976443990092010e-03
-1.559778425602426728e-03
