2.240091092253550329e-03
2.159016751376653751e-03
2.077214403418399351e-03
1.995178932522271437e-03
1.913247414818765790e-03
1.832291755386469085e-03
1.750546349230685562e-03
1.669464086339467104e-03
1.587851755147262796e-03
1.506001391599858311e-03
1.424519011196570322e-03
1.342331236785670057e-03
1.259758891350899702e-03
1.177043057037010110e-03
1.094444081732501382e-03
1.013562249522872386e-03
9.306758873420156774e-04
8.478680014532636103e-04
7.656612960316135563e-04
6.822691522885122005e-04
6.101858141632960936e-04
