-1.246690845492750063e-05
-1.210161259704299979e-05
-1.173505106513749921e-05
-1.130237667848799843e-05
-1.079536255595800085e-05
-1.064355612485100015e-05
-1.024814467040799864e-05
-9.732345281143999215e-06
-9.481108987975499304e-06
-9.130145027093498051e-06
-8.579614053664998824e-06
-8.394304486707999060e-06
-8.084326028682499988e-06
-7.653066218880000003e-06
-7.125801312013999043e-06
-6.947192372226999769e-06
-6.637548945559999282e-06
-5.960152764379499015e-06
-5.805256599632999509e-06
-5.239351409419999166e-06
-5.151461516373501176e-06
