-3.075866604531508135e-06
-3.372886264419007793e-06
-3.502196892523006696e-06
-3.412588202656007883e-06
-3.488677376969507810e-06
-3.448156074153507761e-06
-3.536945399441509157e-06
-3.350502713874507241e-06
-3.356349997461007366e-06
-3.569794470290507480e-06
-3.479850585823007837e-06
-3.611023406152008339e-06
-3.671917091909507771e-06
-3.685995265130507899e-06
-3.677391937051007492e-06
-3.724728863410508039e-06
-3.752810722163507029e-06
-3.690278307248007681e-06
-3.742531421081507977e-06
-3.662196448495007844e-06
-3.570613834869507861e-06
