8.393496130765510088e+02
8.288216704372200638e+02
8.183242895513234316e+02
8.077963021874754759e+02
7.972679719356622172e+02
7.867669385475257968e+02
7.762376392645059013e+02
7.657055968777632415e+02
7.552552363676378491e+02
7.447319748944427147e+02
7.342505457530215836e+02
7.237250927784826899e+02
7.132111638212143134e+02
7.026841902130900053e+02
6.921507017336239187e+02
6.816382934099409567e+02
6.710529841231884802e+02
6.605369382054384459e+02
6.500898127687254373e+02
6.395812656616958520e+02
6.291138203859923124e+02
6.185927802304859142e+02
6.080610658235361825e+02
5.975620748550194321e+02
5.869684318998915842e+02
5.765109452833556816e+02
5.659903374648490626e+02
5.554827146645087623e+02
5.449103903959227182e+02
5.344499817775952124e+02
5.239449977237710527e+02
5.134320676140539490e+02
5.029864180864091736e+02
4.924734134358300253e+02
4.819468572565331783e+02
4.714461667563620040e+02
4.609415404986756926e+02
4.504203959859624433e+02
4.398911414274597291e+02
4.293933132963908292e+02
4.188837375254653921e+02
4.083739381319537642e+02
3.978583990920655538e+02
3.873795639726429840e+02
3.769292332788624549e+02
3.664160199138696612e+02
3.559262571040729881e+02
3.454542350194403753e+02
3.348922868388494294e+02
3.243755253288238123e+02
3.138698853154137396e+02
3.034300499750076483e+02
2.929253193601143721e+02
2.824083193193303032e+02
2.718977596090259112e+02
2.614089956467803972e+02
2.509078579014371542e+02
2.404540088789686365e+02
2.299564789113478582e+02
2.194429673829068577e+02
2.088790364153859116e+02
1.984283926499848008e+02
1.879297445694335522e+02
1.774252375771263814e+02
1.668548513709531562e+02
1.564197568293724885e+02
1.458966146215566937e+02
1.353958943050408834e+02
1.249738742306610249e+02
1.144631058059429591e+02
1.039673200944938145e+02
9.346846329952884957e+01
8.296559620618644715e+01
7.245283008636586430e+01
6.200934224372007009e+01
5.151027673434141718e+01
4.093224263572347610e+01
3.042800399051962401e+01
1.999016634521606406e+01
9.485241924081501352e+00
-3.137954417593111778e-01
