1.676593320814287663e+09
1.676593322980710506e+09
1.676593325081958294e+09
1.676593327158495188e+09
1.676593329246315718e+09
1.676593331328486681e+09
1.676593333448659182e+09
1.676593335529032469e+09
1.676593337608501911e+09
1.676593339747238159e+09
1.676593341825203896e+09
1.676593343926460981e+09
1.676593346045041084e+09
1.676593348136461020e+09
1.676593350229463100e+09
1.676593352397986889e+09
1.676593354504304886e+09
1.676593356609765291e+09
1.676593358686466932e+09
1.676593360783098698e+09
1.676593362875257254e+09
1.676593364980737209e+09
1.676593367081120014e+09
1.676593369182935238e+09
1.676593371287473917e+09
1.676593373407478571e+09
1.676593375497964859e+09
1.676593377647920370e+09
1.676593379771980524e+09
1.676593381877490282e+09
1.676593383967476845e+09
1.676593386051982164e+09
1.676593388157481909e+09
1.676593390297258854e+09
1.676593392384315968e+09
1.676593394490960360e+09
1.676593396611992598e+09
1.676593398714183092e+09
1.676593400834298134e+09
1.676593402937481642e+09
1.676593405028961897e+09
1.676593407109685898e+09
1.676593409193004847e+09
1.676593411299739599e+09
1.676593413407485247e+09
1.676593415545263529e+09
1.676593417650952339e+09
1.676593419787485123e+09
1.676593421891987085e+09
1.676593424004316330e+09
1.676593426109504461e+09
1.676593428200944424e+09
1.676593430288502455e+09
1.676593432471983910e+09
1.676593434576463461e+09
1.676593436681739807e+09
1.676593438819766045e+09
1.676593440921985388e+09
1.676593443017273664e+09
1.676593445123005152e+09
1.676593447212942600e+09
1.676593449334007025e+09
1.676593451498267174e+09
1.676593453575263023e+09
1.676593455666245699e+09
1.676593457771867752e+09
1.676593459878497839e+09
1.676593461968275785e+09
1.676593464107482672e+09
1.676593466196459293e+09
1.676593468300498724e+09
1.676593470402826071e+09
1.676593472494303465e+09
1.676593474614305258e+09
1.676593476750716209e+09
1.676593478840966940e+09
1.676593480920987606e+09
1.676593483014308214e+09
1.676593485096459627e+09
1.676593487220214605e+09
1.676593489309771061e+09
