2.203836819882819872e-03
2.163271623527950223e-03
2.123162788889139830e-03
2.083902653037130338e-03
2.044399446874690159e-03
2.006037145002399855e-03
1.967038319040010502e-03
1.929529927262859951e-03
1.892372554326039952e-03
1.855801081341160175e-03
1.819851242993980123e-03
1.783942722877210080e-03
1.748934642394330170e-03
1.714487894266930037e-03
1.679847955494639944e-03
1.646427835110220129e-03
1.612686847026580063e-03
1.580228585267199866e-03
1.547961280734850339e-03
1.515941513348650080e-03
1.483993959806590183e-03
1.452679580227839639e-03
1.422206082473379766e-03
1.391400549930399931e-03
1.361889655273600163e-03
1.332054542790790013e-03
1.302369813777219925e-03
1.273750052846560170e-03
1.245170121201070101e-03
1.216100326571620130e-03
1.188335592445030099e-03
1.160020320815950082e-03
1.132679191610140015e-03
1.105170556064829970e-03
1.077982788218740176e-03
1.051154600648109916e-03
1.024355819745969903e-03
9.980662581159100832e-04
9.714413115705400640e-04
9.457458390912400724e-04
9.208212680099501146e-04
8.948112558487001040e-04
8.695397605264899941e-04
8.443858918782400037e-04
8.195443294940798736e-04
7.945739733466600230e-04
7.703942471216799820e-04
7.453364154414099862e-04
7.208291212636299761e-04
6.966650289636699619e-04
6.724860472113100823e-04
6.484972782133600596e-04
6.247069111686400422e-04
6.008454469887099594e-04
5.773539857009200426e-04
5.540326364068000721e-04
5.299154458819000301e-04
5.065479392853400320e-04
4.834149415640800573e-04
4.603891479001000035e-04
4.365105608499100049e-04
4.139604851901099863e-04
3.904105828016500362e-04
3.675061381747299870e-04
3.444207867011499832e-04
3.217508509495300116e-04
2.991058550306800235e-04
2.761050011994700074e-04
2.535571589575299849e-04
2.310134113149999824e-04
2.083140688948900080e-04
1.866767166672100191e-04
1.641352024425399856e-04
1.418386197098499843e-04
1.201543657071099962e-04
9.847457854009000018e-05
7.667716469911000667e-05
5.511612091498000626e-05
3.388822862830000583e-05
1.305565130283999998e-05
-6.374339606540001287e-06
