3.651532137124500316e-05
3.509229879420499714e-05
3.480054939556500367e-05
3.415081157665499756e-05
3.345269694419500037e-05
3.250153436393499716e-05
3.172303979511499893e-05
3.151688014352500481e-05
3.033909079825000395e-05
2.992342233105500324e-05
2.988918643223500757e-05
2.895663031872500510e-05
2.883792106086000294e-05
2.762924498078000532e-05
2.720204050420000158e-05
2.622706164649999931e-05
2.599262016545000420e-05
2.490228121390000208e-05
2.455322389767000010e-05
2.462095143664000185e-05
2.320239441162000115e-05
2.266392326387500300e-05
2.216229292029499968e-05
2.190291877380000249e-05
2.128071852568000100e-05
2.049961905151500023e-05
2.020526474753000422e-05
1.932443461158500191e-05
1.902226559156500166e-05
1.827205285220500443e-05
1.758845126380999914e-05
1.718729584068000389e-05
1.645903873208500292e-05
1.586288753741499976e-05
1.585991050273500411e-05
1.514058449818000363e-05
1.437102103340000420e-05
1.373765690523000125e-05
1.326914607246500244e-05
1.302651774604500320e-05
1.282556790514500231e-05
1.200092929878500211e-05
1.135788980790500060e-05
1.063930806202000158e-05
1.022438385349500232e-05
9.793458083565001479e-06
9.601439346705001077e-06
8.915977111635003168e-06
8.240934497945001880e-06
7.946208064625000909e-06
7.054214048630002223e-06
6.868893639800002189e-06
6.565608231775001453e-06
5.746179436105002101e-06
5.682173190485002532e-06
5.445871062760002093e-06
4.812134805255002655e-06
4.325017505740001402e-06
3.619088157245001661e-06
3.100711993590002076e-06
2.854362373820001508e-06
2.161457552050002202e-06
1.759929999585001777e-06
1.315979702930001982e-06
7.406677510200021226e-07
5.851176889900020687e-07
7.306772403000207334e-08
-3.723710899649980859e-07
-1.055972678359998027e-06
-1.469036240209998523e-06
-1.652123873029998221e-06
-1.664776270419997929e-06
-2.535186784984998322e-06
-2.729810427189998302e-06
-3.488954270589998148e-06
-3.770284047849997959e-06
-4.743402258874998285e-06
-4.849831248684998495e-06
-5.279268501274998126e-06
-5.593345660014998751e-06
-5.965847124349998214e-06
