4.006979963339998705e-05
3.868597356807999474e-05
3.761582466679999490e-05
3.741600896443999852e-05
3.604483417263999598e-05
3.566455177447999794e-05
3.436109850563999051e-05
3.353430057147999892e-05
3.313987851467999795e-05
3.211884632235999828e-05
3.082953271215999378e-05
3.068069420015999367e-05
2.937165948711999792e-05
2.897612114148000065e-05
2.807415975875999904e-05
2.775080809143999565e-05
2.669331046368000253e-05
2.569795291467999587e-05
2.548920690159999853e-05
2.421031198723999796e-05
2.400789161091999551e-05
2.293030078403999431e-05
2.260397234647999851e-05
2.180731421099999870e-05
2.102516783043999833e-05
2.063223415875999696e-05
2.034683631199999678e-05
1.974999387888000353e-05
1.896747540203999987e-05
1.843091256628000035e-05
1.778867438699999914e-05
1.684950337628000089e-05
1.626828898691999660e-05
1.598437952527999940e-05
1.485804408571999624e-05
1.454287853655999740e-05
1.459646040087999805e-05
1.351031135955999918e-05
1.356463741643999963e-05
1.214955526359999550e-05
1.223550950427999919e-05
1.130638509311999990e-05
1.092573059867999857e-05
1.049521520271999896e-05
9.624882003799997205e-06
9.319390957919999115e-06
8.938736463479997785e-06
8.494825601439998442e-06
7.637143676039998320e-06
7.777423973599999066e-06
6.919369951919997352e-06
6.390621138039997404e-06
5.926244980599996012e-06
5.486799273919997146e-06
4.868375256559997065e-06
4.768281357239997228e-06
4.096275475559997344e-06
3.434688289719997587e-06
3.355059685799997257e-06
3.110220333559998314e-06
2.071327519799998008e-06
1.602114110719998146e-06
1.547043861279998538e-06
9.896436338399987717e-07
-7.790059348000165635e-08
8.321709575999832386e-08
-2.535300376400015742e-07
-1.007025004640001704e-06
-1.224701328440001907e-06
-1.529076085480002206e-06
-2.408711691400002065e-06
-2.983600444000001725e-06
-2.921088268960002662e-06
-3.638489896800002460e-06
-3.939143691040001445e-06
-4.262123262080002393e-06
-4.550869975360002504e-06
-5.265294832960002690e-06
-5.779159795640002458e-06
-5.982324364520003014e-06
-6.067162316360002771e-06
