1.935127581342430386e-03
1.899319859486350371e-03
1.864465952487915409e-03
1.830197518725020173e-03
1.795082904815085197e-03
1.761430111801775330e-03
1.727431323473060379e-03
1.694541656833555357e-03
1.661825174070975320e-03
1.629781315140065370e-03
1.598076002755660424e-03
1.566492850181215417e-03
1.535686231764595228e-03
1.504753356715120283e-03
1.474842825197170224e-03
1.444685366990185009e-03
1.415177441431280303e-03
1.386120166390825180e-03
1.358027506922920239e-03
1.330143785422660280e-03
1.301993025557335098e-03
1.274803529318555267e-03
1.247830047377875180e-03
1.221358612461055258e-03
1.194816786678130210e-03
1.168657827616665116e-03
1.143125310019690085e-03
1.117729849770474938e-03
1.092707572843150138e-03
1.067633526971970307e-03
1.043104358545825184e-03
1.018617275663965269e-03
9.949190174086150560e-04
9.705958074425549698e-04
9.469746439453200848e-04
9.233549702018650643e-04
9.001021483267350725e-04
8.773915968275250530e-04
8.541652180819900124e-04
8.317879989910550911e-04
8.095858259692701201e-04
7.877359797164550093e-04
7.657956309215050317e-04
7.438787457485901682e-04
7.223938891718749032e-04
7.005041920054449773e-04
6.795642128737649622e-04
6.580625965670250030e-04
6.369866774029199746e-04
6.160135512496351306e-04
5.950813933253000813e-04
5.743969069668899584e-04
5.535198699324149875e-04
5.327765382996950709e-04
5.120484766432200924e-04
4.914429472351500468e-04
4.709685161597200486e-04
4.506799318683450749e-04
4.304922783955650485e-04
4.096092823459700780e-04
3.895035653310900746e-04
3.692842545904850837e-04
3.492031185129750113e-04
3.290985188134300417e-04
3.093205476301500757e-04
2.893105472956350606e-04
2.696052016091300164e-04
2.493952018296500183e-04
2.297371558256600056e-04
2.098675647849100037e-04
1.902002078197950524e-04
1.704978416408500081e-04
1.508829984964800202e-04
1.314495328748249757e-04
1.116797553373349958e-04
9.275541306999499980e-05
7.347352989545500852e-05
5.372274671866000053e-05
3.453322827847999098e-05
1.556382095929499391e-05
-2.471138301385007671e-06
