2.242669677818069987e-03
2.201748335375744870e-03
2.161767508023809854e-03
2.122401031384125222e-03
2.082482011437180279e-03
2.043931690410375271e-03
2.005040683988595397e-03
1.967155723399845180e-03
1.929809902102815403e-03
1.893140238923024998e-03
1.856650785285495105e-03
1.820425316287350125e-03
1.785047278938345187e-03
1.749947374911795146e-03
1.715399641858740250e-03
1.681268177954955327e-03
1.647247669513139928e-03
1.614118155770970014e-03
1.581719905543260479e-03
1.549055809007340205e-03
1.516895480055465090e-03
1.485619443795465093e-03
1.454415267952109854e-03
1.423471725744255212e-03
1.392916899987060040e-03
1.362855044134725011e-03
1.333220999778375083e-03
1.303569828068835154e-03
1.274558325767565121e-03
1.245757192043520090e-03
1.216881219232710063e-03
1.188850444068450174e-03
1.160808498891240104e-03
1.132912508549910107e-03
1.105303215207630117e-03
1.077969076517685219e-03
1.050736584945585273e-03
1.023880150476135040e-03
9.966152658664800476e-04
9.709603524566851355e-04
9.452037919290449475e-04
9.187107552142351067e-04
8.932181793259799402e-04
8.676168819783450486e-04
8.423451000127349505e-04
8.169731602643401282e-04
7.920908394169201561e-04
7.668328338006149842e-04
7.418659931885400634e-04
7.171046808147449499e-04
6.929018690884500764e-04
6.681550777314900023e-04
6.439157772962248935e-04
6.195927017638350577e-04
5.954006877167250912e-04
5.718066416962050771e-04
5.472623999074050080e-04
5.234118159228000203e-04
4.998754816358549988e-04
4.767233957943900697e-04
4.522476634183500628e-04
4.287589878533250233e-04
4.054073311138200542e-04
3.815466941175600017e-04
3.580755182394899667e-04
3.353653925770799598e-04
3.114019914616800036e-04
2.884208068183500380e-04
2.652158495822549847e-04
2.424137574798900083e-04
2.195703363296100364e-04
1.967909565869100166e-04
1.736515300934549793e-04
1.510460302190100236e-04
1.292041868965800315e-04
1.064009777929200072e-04
8.437147825292999777e-05
6.259888901079000497e-05
4.102400899786499944e-05
1.908759289912499726e-05
-1.057153122435004155e-06
