8.097835601284982191e-07
6.377893804194980134e-07
9.644963844054980178e-07
5.291850001614980117e-07
7.042704568119980291e-07
7.230415842639980111e-07
6.323517125464979657e-07
6.225937058154981339e-07
4.563723926839980551e-07
6.989445218404980077e-07
5.634125123209980054e-07
7.287399622404981909e-07
7.017750886784981109e-07
7.646062236219978654e-07
9.507904818214979250e-07
7.342148744139980004e-07
5.485892807219980725e-07
6.244186765399978939e-07
7.270267244174980337e-07
7.909379440754981842e-07
8.261710523484978857e-07
6.511600842989980271e-07
5.250881271064978568e-07
6.644562995774980938e-07
7.016261114764980052e-07
7.038607695064980030e-07
7.184605353024980949e-07
9.017397380629979986e-07
7.375668614589980501e-07
7.224084311554981441e-07
6.434132697949980345e-07
5.667272550654979757e-07
5.866902001334980625e-07
7.874369798284981346e-07
6.785346451664981332e-07
6.998383850524981128e-07
6.955552904949980904e-07
7.820738005564980339e-07
7.058719617334980540e-07
6.899314011194979634e-07
5.190545504254979156e-07
7.225946526579981174e-07
6.246421423429979466e-07
9.072891388374981785e-07
5.724256330419980497e-07
6.571936609799980742e-07
6.570074394774979950e-07
6.981623915299979291e-07
6.213273995984981881e-07
7.387214347744979696e-07
7.679209663664980475e-07
6.148468913114979296e-07
8.122789282619980314e-07
5.142127913604979731e-07
5.714200369284980242e-07
