2.826063298243220174e+02
2.773506358463242805e+02
2.721056760223920037e+02
2.668564526395561529e+02
2.616157951206060943e+02
2.563664346362607489e+02
2.511258307657274713e+02
2.458727670503876936e+02
2.406900140559921510e+02
2.354437562384195530e+02
2.302037305786008972e+02
2.249543209165400697e+02
2.197079990189141085e+02
2.144585968080222926e+02
2.091492603741395442e+02
2.038929181444385392e+02
1.987084141253273515e+02
1.934671023937387986e+02
1.882217938550971326e+02
1.829833269798338904e+02
1.777255392233463738e+02
1.724875864787442765e+02
1.671778327793973347e+02
1.619145445699519144e+02
1.567396138127755592e+02
1.514904425881228747e+02
1.462416945898695531e+02
1.409985722242133193e+02
1.357445130326947833e+02
1.305163570850975816e+02
1.253278398663615008e+02
1.200890958076113009e+02
1.148359486391787385e+02
1.095798239836125987e+02
1.043367195007619586e+02
9.909846125823078467e+01
9.384320689920417635e+01
8.859613690421026888e+01
8.334834712629069031e+01
7.810725594930462989e+01
7.284963956970413790e+01
6.766773600857494841e+01
6.241998646696797692e+01
5.718111871881234265e+01
5.193433484870813999e+01
4.667600762758478794e+01
4.136804369903236989e+01
3.612305407042403971e+01
3.086886075786344108e+01
2.568919850837028918e+01
2.043902733683740536e+01
1.518715431830428564e+01
9.939091827599201068e+00
4.690802821356428787e+00
1.724839790450941601e-01
