5.189265482487175410e-03
5.107862433804769356e-03
5.026170994047015651e-03
4.944784421666696163e-03
4.863214341217540586e-03
4.781676878639557274e-03
4.699362612347401415e-03
4.617616350762841250e-03
4.536755123228959977e-03
4.455105078785477277e-03
4.372901571923600711e-03
4.290887598324552403e-03
4.208783581548637166e-03
4.126522984114067670e-03
4.043194997529204159e-03
3.960908104957895637e-03
3.878592499733741952e-03
3.796834894419754206e-03
3.714108311457325028e-03
3.631797727228163516e-03
3.548750284089436692e-03
3.465956903297329368e-03
3.382317317482486183e-03
3.299377398021708947e-03
3.217878801664223690e-03
3.134538318380712067e-03
3.052182284848729745e-03
2.968573457277285006e-03
2.885226465296559812e-03
2.801750377955695374e-03
2.719348114077225868e-03
2.637175439843858667e-03
2.553051830111738221e-03
2.469460817774378741e-03
2.385294101870434006e-03
2.302331904068912957e-03
2.218131714865018232e-03
2.134859145187849392e-03
2.051197466995039256e-03
1.967035958048864858e-03
1.882824462308098010e-03
1.800099776165999628e-03
1.715986505964308718e-03
1.631620809888439374e-03
1.547571176149208690e-03
1.462748718299243479e-03
1.378102962280459065e-03
1.293966409539024998e-03
1.208901009916534246e-03
1.125534268688839273e-03
1.040426172012634065e-03
9.558777861041486230e-04
8.710777553651500357e-04
7.852614752396696544e-04
7.109967193492675247e-04
