-3.175924096837508172e-03
-3.123204179006561828e-03
-3.070963733006275807e-03
-3.017676855544382253e-03
-2.965025194564425808e-03
-2.912476792995014052e-03
-2.859030488359635969e-03
-2.806274117278570197e-03
-2.754034489616551985e-03
-2.701543706500646007e-03
-2.648970122430895774e-03
-2.596367412958244456e-03
-2.543541334335621545e-03
-2.490836146593499670e-03
-2.436968211764132131e-03
-2.384238064704836003e-03
-2.332146444677744065e-03
-2.279362436081535520e-03
-2.226810463581499651e-03
-2.174197115711363777e-03
-2.121562788623811667e-03
-2.068943117230695808e-03
-2.015986997217849956e-03
-1.962739325598432134e-03
-1.910829041892090014e-03
-1.857962455525201872e-03
-1.805196078398950106e-03
-1.752174714507828126e-03
-1.699232320259567953e-03
-1.646831107986813795e-03
-1.594315067976181987e-03
-1.541481698703535928e-03
-1.488129874940918038e-03
-1.435925398627229971e-03
-1.382892875577908069e-03
-1.330336997372502184e-03
-1.277194816995268038e-03
-1.224363344779515932e-03
-1.171296488720131911e-03
-1.118670828578781969e-03
-1.065641132516204157e-03
-1.012807093694065861e-03
-9.597698094039120234e-04
-9.073724284421400953e-04
-8.547070045004039702e-04
-8.010549249878179401e-04
-7.478964522396120340e-04
-6.949216964325719134e-04
-6.414541893966139129e-04
-5.895205086552459143e-04
-5.362628309906419897e-04
-4.834036096681659745e-04
-4.303666601527580396e-04
-3.769453148345539928e-04
-3.315016517135300350e-04
