-3.472549541809232150e-03
-3.393841046586453750e-03
-3.313785405712508809e-03
-3.234391059767966273e-03
-3.154314137207308091e-03
-3.074809104168416043e-03
-2.995501708052276339e-03
-2.915644076158541934e-03
-2.836812095064789995e-03
-2.756669504362442655e-03
-2.676731024382650315e-03
-2.597328828025702134e-03
-2.517512940978980027e-03
-2.437477577236604395e-03
-2.356454066086214206e-03
-2.275819168952794135e-03
-2.196744085514678278e-03
-2.116363154803454355e-03
-2.036149501126246087e-03
-1.955377314790086255e-03
-1.873564744178527917e-03
-1.792879805316737818e-03
-1.710813677546189990e-03
-1.629423801414937954e-03
-1.550129576132881987e-03
-1.469262589555913896e-03
-1.388135125551199838e-03
-1.307698832689928011e-03
-1.226819828657002044e-03
-1.147687894838997922e-03
-1.068771865965032148e-03
-9.883137333308578392e-04
-9.082394523781660983e-04
-8.280572003505819265e-04
-7.480815146247900976e-04
-6.688400470905619998e-04
-5.878002026176780371e-04
-5.074411488851020237e-04
-4.269400436142979931e-04
-3.469406206225580198e-04
-2.668721065604959708e-04
-1.868216744909899894e-04
-1.066580253364060089e-04
-2.659449684430800157e-05
5.526919446225400716e-05
1.359920087734720019e-04
2.176397579302499958e-04
2.985640785618040040e-04
3.789444883925840069e-04
4.592353811984879806e-04
5.402318437715359972e-04
6.220139056713740872e-04
7.028911238284920324e-04
7.842463242044719158e-04
8.538835004662599561e-04
