9.263341854001591038e-04
8.807061122532105048e-04
8.337491579243024899e-04
7.872742483649774808e-04
7.412683885478461377e-04
6.953098916958705368e-04
6.491922150671325473e-04
6.023084648180174845e-04
5.570368426659104769e-04
5.109706993263045697e-04
4.640146758732840494e-04
4.180607589306750780e-04
3.714276749405460184e-04
3.253703935393890750e-04
2.787751031102925344e-04
2.321573599547895874e-04
1.863292601971349946e-04
1.404121687046355445e-04
9.408713016319801873e-05
4.726504113287100347e-05
9.242521714169987883e-07
-4.533655593378301153e-05
-9.208763775141150991e-05
-1.385772179147235362e-04
-1.840262650109879565e-04
-2.306462422686210586e-04
-2.768896988472780048e-04
-3.227847099637260516e-04
-3.695900804631135385e-04
-4.158861501469320195e-04
-4.611561339574770020e-04
-5.076693583683316267e-04
-5.547517202968035681e-04
-6.002889771921677154e-04
-6.468204840054525692e-04
-6.935388734619121190e-04
-7.396556192147627764e-04
-7.861740192955516456e-04
-8.321656553291220757e-04
-8.788458044041231243e-04
-9.250724679817697461e-04
-9.712302095087056416e-04
-1.017388509561174001e-03
-1.064097515788687545e-03
-1.110315652543204757e-03
-1.157264861984728466e-03
-1.203907664319123086e-03
-1.250746322940247740e-03
-1.297432913676390027e-03
-1.343381617714029279e-03
-1.389859580546265157e-03
-1.436140718980848194e-03
-1.483500444688759783e-03
-1.529466686428118932e-03
-1.569066519032724172e-03
