-4.707799300748700526e-05
-4.404755991844150023e-05
-4.175144111581501164e-05
-3.978532820131101035e-05
-3.814553582998600771e-05
-3.654736179852800712e-05
-3.495030453826500350e-05
-3.338351177738651008e-05
-3.204457756599450862e-05
-3.068762611265650535e-05
-2.923723813600350550e-05
-2.789361348559250183e-05
-2.653930505741600179e-05
-2.526521802674699911e-05
-2.400397386482050569e-05
-2.297181670069500497e-05
-2.175531783798150378e-05
-2.069859170756600521e-05
-1.998348588570100586e-05
-1.913392081195800198e-05
-1.859619548156550456e-05
-1.809763159441100093e-05
-1.750198306470450088e-05
-1.688712607044400067e-05
-1.642452221576849928e-05
-1.612686546659450321e-05
-1.562636584270200098e-05
-1.541715737217200393e-05
-1.503994928820749920e-05
-1.448256878478299842e-05
-1.392954368901900041e-05
-1.343168709028799972e-05
-1.294012163595550040e-05
-1.259202405447399975e-05
-1.223979441957099876e-05
-1.181359730585249772e-05
-1.148735121408650046e-05
-1.098659101024850017e-05
-1.059270580977199814e-05
-1.030442993863599971e-05
-9.806610565611499709e-06
-9.670252802701997268e-06
-9.153485545069000239e-06
-8.761945564101997617e-06
-8.304888339694997353e-06
-8.103162236171500030e-06
-7.604486671897498565e-06
-7.259032115577499448e-06
-6.715648477796999671e-06
-6.601514461667998207e-06
-6.273518761696499021e-06
-5.706943508766498968e-06
-5.478303219443498461e-06
-4.889690348265498339e-06
-4.777789874526501839e-06
