-3.113855325921505772e-06
-3.344580942599005850e-06
-3.305214198962505742e-06
-3.284804572176506361e-06
-3.346852817113505734e-06
-3.324655485791505173e-06
-3.203873698078004140e-06
-3.181341172155504867e-06
-3.264916359213504835e-06
-3.200410020539506011e-06
-3.225512371732506424e-06
-3.221490036526506205e-06
-3.212737733069007499e-06
-3.210093420109507211e-06
-3.246406168497007051e-06
-3.410912229653505851e-06
-3.374078067443006038e-06
-3.358212189686006848e-06
-3.272365128113506572e-06
-3.276424707164006789e-06
-3.459329227503507191e-06
-3.495455756668507040e-06
-3.330688988600507406e-06
-3.525362563802007207e-06
-3.491321689929006828e-06
-3.623872532504505989e-06
-3.577280483035005403e-06
-3.673481333378506421e-06
-3.756497862769007264e-06
-3.735492334471007066e-06
-3.610017822350507120e-06
-3.633071762096007214e-06
-3.568490935733007123e-06
-3.600520642003007605e-06
-3.719291262113507893e-06
-3.602084883472007525e-06
-3.764617020870007697e-06
-3.613146305288507384e-06
-3.732550070755507640e-06
-3.715119951529507259e-06
-3.797205384807508150e-06
-3.802084328437007478e-06
-3.706181428849507292e-06
-3.733481166868007592e-06
-3.672885431866507298e-06
-3.790166298197008086e-06
-3.718769848290507497e-06
-3.688341627334008203e-06
-3.768453136853507924e-06
-3.777056464933007485e-06
-3.790464248953007648e-06
-3.724393668810007633e-06
-3.904244193900507344e-06
-3.806441858243508526e-06
-3.855976171428508114e-06
