8.389779523384473805e+02
8.284661701580055251e+02
8.179169386484776396e+02
8.073809605042195017e+02
7.968729202750519107e+02
7.864028958855219571e+02
7.758894738061154612e+02
7.653301345556957358e+02
7.549120651470036591e+02
7.443730308274023173e+02
7.339249661758276488e+02
7.233967999139105132e+02
7.128986139867039356e+02
7.023572390840346316e+02
6.918429374224559751e+02
6.813268765965335660e+02
6.707385856752996460e+02
6.602366577968189176e+02
6.497790519149037891e+02
6.392888269517624167e+02
6.288128243850970875e+02
6.183079148721350293e+02
6.077683289501544550e+02
5.972830236839073450e+02
5.866827316838858906e+02
5.762485912653393143e+02
5.657260304762472742e+02
5.552238044343183674e+02
5.446521510334906679e+02
5.342141792146354646e+02
5.237136527043608112e+02
5.131733660982771426e+02
5.027391064143512835e+02
4.922462128883491914e+02
4.817371141789404874e+02
4.712240498956717829e+02
4.607157562275732516e+02
4.502255014480871296e+02
4.397213671600900966e+02
4.292046950990988989e+02
4.186975642684481045e+02
4.081798486353885096e+02
3.976997761376562153e+02
3.871995030663126158e+02
3.767702525283154387e+02
3.662481389843957231e+02
3.557370873044018822e+02
3.453006659354770136e+02
3.347447853810556921e+02
3.242445868505740805e+02
3.137402289399909705e+02
3.032819521903176110e+02
2.927851676313172220e+02
2.822975515983470132e+02
2.717841444271129490e+02
2.612854218056996842e+02
2.507862966636314184e+02
2.403353994592994241e+02
2.298505414382244680e+02
2.193428590051947253e+02
2.087894084828757002e+02
1.983332337855116521e+02
1.878590500158800864e+02
1.773339399293066094e+02
1.667680559912002707e+02
1.563380302282378977e+02
1.458339555729305346e+02
1.353410918632731352e+02
1.249177002370318519e+02
1.144202895347903706e+02
1.039136357656565934e+02
9.340678819028155999e+01
8.290617223097258659e+01
7.241391975638386214e+01
6.198235845166360747e+01
5.149594998065840912e+01
4.091612690135163177e+01
3.040552246653004076e+01
1.997260451812075033e+01
9.486852006701443685e+00
-2.944595421475771357e-01
