1.676592880199266911e+09
1.676592882302225828e+09
1.676592884409761906e+09
1.676592886518115044e+09
1.676592888620949507e+09
1.676592890726458073e+09
1.676592892846461773e+09
1.676592894956461668e+09
1.676592897061979294e+09
1.676592899212980270e+09
1.676592901334602833e+09
1.676592903451819658e+09
1.676592905543000221e+09
1.676592907660967827e+09
1.676592909765261173e+09
1.676592911899500608e+09
1.676592914005256414e+09
1.676592916110962868e+09
1.676592918200771093e+09
1.676592920279767752e+09
1.676592922386723757e+09
1.676592924541980267e+09
1.676592926660959482e+09
1.676592928768059969e+09
1.676592930846475363e+09
1.676592932941989422e+09
1.676592935051551580e+09
1.676592937156452179e+09
1.676592939292991400e+09
1.676592941397480726e+09
1.676592943519740820e+09
1.676592945622981071e+09
1.676592947729755640e+09
1.676592949851759195e+09
1.676592952004025936e+09
1.676592954109765530e+09
1.676592956198501110e+09
1.676592958279771805e+09
1.676592960358492136e+09
1.676592962449693203e+09
1.676592964553550482e+09
1.676592966660961866e+09
1.676592968753669977e+09
1.676592970857477188e+09
1.676592972942999125e+09
1.676592975034314871e+09
1.676592977183000803e+09
1.676592979304943085e+09
1.676592981426459789e+09
1.676592983534314871e+09
1.676592985638279676e+09
1.676592987744310856e+09
1.676592989884310246e+09
1.676592991990967274e+09
1.676592994096464157e+09
1.676592996260969877e+09
1.676592998363531590e+09
1.676593000472071886e+09
1.676593002575257540e+09
1.676593004666442156e+09
1.676593006785255432e+09
1.676593008876466751e+09
1.676593010966441631e+09
1.676593013109483957e+09
1.676593015210970640e+09
1.676593017330961943e+09
1.676593019439356327e+09
1.676593021526455879e+09
1.676593023605174065e+09
1.676593025744307756e+09
1.676593027866456270e+09
1.676593029971785545e+09
1.676593032078196287e+09
1.676593034180979729e+09
1.676593036287257671e+09
1.676593038421865225e+09
1.676593040526446581e+09
1.676593042631989479e+09
1.676593044724286795e+09
1.676593046828081131e+09
1.676593048905823469e+09
