2.205501460661140212e-03
2.164288573126870070e-03
2.123294932779190222e-03
2.083905630927610116e-03
2.044738554153100081e-03
2.006142115641819726e-03
1.967436239655400050e-03
1.929269361845860082e-03
1.892708683713970096e-03
1.855995016458669971e-03
1.820007210007870040e-03
1.784660022246580208e-03
1.748680032758290290e-03
1.713778784096380275e-03
1.680297244720810107e-03
1.645754459625430087e-03
1.612785117412420324e-03
1.579785251821989910e-03
1.547159483723110169e-03
1.515570765983889970e-03
1.483670858689509989e-03
1.452992630964550311e-03
1.422162158588800114e-03
1.392276049731520134e-03
1.361367035494360318e-03
1.331773504376739881e-03
1.302653085609129999e-03
1.273619770138060018e-03
1.244592782684259945e-03
1.216036301926299917e-03
1.188070187956000211e-03
1.159793256666849992e-03
1.132635639961870064e-03
1.105070796733750036e-03
1.077685743643360099e-03
1.050802465098850044e-03
1.024114610617089891e-03
9.973336970578300636e-04
9.715831336046500599e-04
9.453985426140098939e-04
9.199520962261000358e-04
8.942614628188300628e-04
8.693406141006400443e-04
8.437854747102099427e-04
8.192912088032799911e-04
7.945408443150700538e-04
7.699814370538899180e-04
7.451904988078900246e-04
7.210104003466000656e-04
6.962477520601601227e-04
6.722526550449400840e-04
6.488319186560499892e-04
6.245397770654499822e-04
6.008145513749800406e-04
5.770561966529200214e-04
5.531921268188199703e-04
5.297769739745800555e-04
5.067470857111899818e-04
4.830144152945200532e-04
4.598170206916300557e-04
4.363043419341699862e-04
4.133384783161000173e-04
3.906175461900100536e-04
3.670680160378599673e-04
3.446389171788100895e-04
3.218346041192800006e-04
2.987496248820100233e-04
2.758444357824699753e-04
2.536211836028499813e-04
2.311466719139799932e-04
2.084748749808100249e-04
1.866324205463200424e-04
1.641757762003299959e-04
1.419782083261000112e-04
1.203021435221800087e-04
9.842320992930999517e-05
7.662579608833000166e-05
5.481572621281000318e-05
3.378139680733000297e-05
1.303443383317000152e-05
-6.021831820969999587e-06
