3.638693675067000753e-05
3.567951888483500319e-05
3.470714493248000347e-05
3.412922807522500456e-05
3.352154087117000176e-05
3.319481131504000608e-05
3.174052987386000342e-05
3.097766473711000012e-05
3.082025402840500036e-05
3.031006471012000320e-05
2.979354919314000470e-05
2.867790544681000063e-05
2.782200797631000040e-05
2.762812859277500230e-05
2.725860416312000695e-05
2.588246988229000266e-05
2.631116287621000253e-05
2.478022279202000440e-05
2.429124484583000375e-05
2.407429344352500635e-05
2.312722428595000181e-05
2.222927620059500167e-05
2.221997296722000130e-05
2.185044853756500257e-05
2.144333904507500247e-05
2.041105226978500863e-05
1.962585937293499902e-05
1.926489391798500428e-05
1.922098265645500159e-05
1.815222720633500263e-05
1.773953577382000435e-05
1.688475469132500375e-05
1.610142244115000371e-05
1.622199234569000187e-05
1.564556400577500248e-05
1.483990399550000459e-05
1.421509884203500226e-05
1.428022147566000316e-05
1.319397594679500479e-05
1.274965352080499983e-05
1.243520423273000186e-05
1.180258436323000376e-05
1.190194289567500033e-05
1.054627572827000126e-05
9.914027988105003031e-06
9.950124533600001488e-06
9.166048024755001682e-06
8.709445330710002391e-06
8.269588456740001057e-06
7.442717074370001578e-06
7.436390875675001936e-06
7.366802690030003330e-06
6.513137995540002377e-06
6.279812902495001820e-06
5.721991029330002323e-06
5.305578303465001856e-06
4.784597234465003116e-06
4.574716289525001731e-06
3.747844907155002252e-06
3.635089718650001553e-06
2.719651554550002001e-06
2.360918875610001884e-06
1.987673152605001815e-06
1.542978597280002261e-06
1.158196864890001911e-06
2.810880222950022088e-07
-2.596159014599980222e-07
-5.249441173149979936e-07
-8.092509292549982153e-07
-1.291530547414998072e-06
-1.609328999504997702e-06
-2.058861236184998227e-06
-2.590261926564998246e-06
-2.762557808669997845e-06
-3.609896304464997886e-06
-3.970117500744998367e-06
-4.144274029524997786e-06
-4.829364135259997510e-06
-5.170606735454998641e-06
-5.192934495554997328e-06
-5.619394713464997925e-06
