4.011668376467998783e-05
3.872504367747999426e-05
3.774308159455999411e-05
3.725861223799999057e-05
3.626213840015999777e-05
3.520985012031999307e-05
3.433914482511999988e-05
3.363625495219999825e-05
3.261782743383999448e-05
3.188554195479999747e-05
3.137874682143999323e-05
3.085148639267999796e-05
2.946505565339999959e-05
2.876849141723999623e-05
2.823974260335999797e-05
2.734559524252000101e-05
2.686261427107999706e-05
2.601460684896000108e-05
2.500362125619999868e-05
2.455747781648000164e-05
2.367523753659999804e-05
2.304192966803999778e-05
2.273308975564000060e-05
2.250611102484000145e-05
2.161010318259999483e-05
2.085325934907999773e-05
1.966217915679999696e-05
1.995390264031999880e-05
1.907649961207999727e-05
1.836356313959999837e-05
1.780988387495999675e-05
1.743927598007999946e-05
1.639405752955999622e-05
1.594196054935999741e-05
1.519479121911999767e-05
1.464446082099999852e-05
1.452836678163999627e-05
1.407143254979999878e-05
1.336221704011999548e-05
1.301281863319999749e-05
1.182397101859999780e-05
1.151699158759999843e-05
1.088963725951999824e-05
1.061763487883999949e-05
1.045019155283999937e-05
9.519578756559997094e-06
8.919015360639999770e-06
8.417057478919997605e-06
8.161799430839997689e-06
7.297047676119997799e-06
7.144860297599997755e-06
6.376481479399996174e-06
6.376853575679997766e-06
5.712289619599997549e-06
4.832281917399996733e-06
4.482139317919998102e-06
3.876366574079997962e-06
3.511340123399997457e-06
3.307059265679997628e-06
2.830776027279997787e-06
2.130490828319997984e-06
2.181840114959997971e-06
9.691783384399979944e-07
1.566764964119998247e-06
8.393167367199986443e-07
-2.684138888400017016e-07
-4.228338450400016139e-07
-8.916751578400016830e-07
-1.253724838280001835e-06
-1.797357503360002175e-06
-2.124802229760001907e-06
-2.533736041480002309e-06
-2.442200356600001835e-06
-3.422301958120002064e-06
-3.981562666960002594e-06
-4.234216041080002373e-06
-4.672545458920002390e-06
-5.402598360280002554e-06
-5.539529791320002519e-06
-5.655995926960002130e-06
-6.126697721160001798e-06
