1.936301507321070434e-03
1.900459893566495062e-03
1.864829079971790397e-03
1.829725639215205217e-03
1.795231507754640196e-03
1.761610372009155294e-03
1.727610838803550139e-03
1.694330484235240198e-03
1.662465768196375341e-03
1.629918744926270356e-03
1.597745277416500170e-03
1.566418362492215041e-03
1.535043775446970349e-03
1.504773468391150133e-03
1.474633142352635472e-03
1.444674938713724982e-03
1.415661238971335258e-03
1.386320538274234994e-03
1.357358235037255416e-03
1.330015666597580450e-03
1.301904012768980096e-03
1.274625503741845262e-03
1.247503418861610177e-03
1.221349673938374987e-03
1.194428333379995251e-03
1.168797492033540279e-03
1.143156594849070165e-03
1.117881059779145215e-03
1.092715021612050219e-03
1.067969466449360033e-03
1.042806780228270084e-03
1.018470534916635127e-03
9.943905272551602659e-04
9.704311896498651543e-04
9.466461532368300067e-04
9.231460322342199733e-04
8.996887416527850258e-04
8.769550989699851024e-04
8.544754593066749898e-04
8.318323191660101498e-04
8.093757706862900496e-04
7.873940812239450674e-04
7.653654645175300740e-04
7.438526750574401018e-04
7.223123251524199819e-04
7.007689957398400248e-04
6.790431714892100363e-04
6.581806595540901257e-04
6.367509238672350476e-04
6.156809637182500189e-04
5.947547648090350777e-04
5.743253987854500704e-04
5.533556245781699485e-04
5.324893882585999974e-04
5.117948460621750580e-04
4.910273059305300409e-04
4.706065059911800942e-04
4.501655943758000266e-04
4.300285925315401061e-04
4.093951302400950822e-04
3.894011447587150459e-04
3.693293196423300204e-04
3.494783505238300311e-04
3.293450730640200426e-04
3.091227828158550519e-04
2.892122235461550115e-04
2.691746627667100113e-04
2.490886849894150272e-04
2.294865047521750523e-04
2.096470812254700149e-04
1.898899665951099937e-04
1.702717715047350399e-04
1.508368161292999955e-04
1.309970201641500191e-04
1.112503338102499974e-04
9.289917430976499246e-05
7.284224673117999332e-05
5.390933837960500455e-05
3.451348904089499199e-05
1.529976210178999384e-05
-2.294230040010007387e-06
