2.243969867325450347e-03
2.203008312836505188e-03
2.162015482311300044e-03
2.122368266012805010e-03
2.082916152607170585e-03
2.044159558674555222e-03
2.005232435877570170e-03
1.966790836310144779e-03
1.930061227394190343e-03
1.893161461947630081e-03
1.856644083277725170e-03
1.820837862098970182e-03
1.784513352319335106e-03
1.749707591967135118e-03
1.715388844179555018e-03
1.681324028019705145e-03
1.647438676734585021e-03
1.614129325783920195e-03
1.581403049509245116e-03
1.549119850414919968e-03
1.517325525554040315e-03
1.485510350002320311e-03
1.454257026101985189e-03
1.423895069235059851e-03
1.392848762908065197e-03
1.362695685283305067e-03
1.332884037721050133e-03
1.303703868224235151e-03
1.274053813515990067e-03
1.245592248185625273e-03
1.216982121683025117e-03
1.188539545374675066e-03
1.160532599571375114e-03
1.132805648759355232e-03
1.104980029499610201e-03
1.077235206666870204e-03
1.050240264036840163e-03
1.023372287220675235e-03
9.970281840118650537e-04
9.705548809866000690e-04
9.441504597078601490e-04
9.185171416564350509e-04
8.931653079313500330e-04
8.672631649015950447e-04
8.419563835620751547e-04
8.168540134595400105e-04
7.917553666946549988e-04
7.669382042561099589e-04
7.421646048680699288e-04
7.171698392236199905e-04
6.925273013208599381e-04
6.681059296745101191e-04
6.440818381554149884e-04
6.196303074740999207e-04
5.953176572871300438e-04
5.713710111911550872e-04
5.472385705464449628e-04
5.237670223346100338e-04
4.995872953017450923e-04
4.757758063624650314e-04
4.522752161169599694e-04
4.283989411025700329e-04
4.050618053799000490e-04
3.815682894759300867e-04
3.582158880688950044e-04
3.352119910658999465e-04
3.115133192574150167e-04
2.883858074444400291e-04
2.655070145864850189e-04
2.421103054614150033e-04
2.194281048313800138e-04
1.966896818028300142e-04
1.739278017470849988e-04
1.511026249512900091e-04
1.291773788654999942e-04
1.064564555239049990e-04
8.439940328530501519e-05
6.182629644841499729e-05
4.046476368283499178e-05
1.913041128209999552e-05
-1.069812470445003829e-06
