-3.123046245186223979e-01
9.441486438067283160e+00
1.993618385293071427e+01
3.036638851396195804e+01
4.086190587830777332e+01
5.143089071627474596e+01
6.191670286038367976e+01
7.234564032676033207e+01
8.283731138262515969e+01
9.334074498651905571e+01
1.038360089119339449e+02
1.143342693800026240e+02
1.248193062991464188e+02
1.352348115021844421e+02
1.457187750329149196e+02
1.562289322225643105e+02
1.666677090827295160e+02
1.772184015931532031e+02
1.877168856838080160e+02
1.981945281494379287e+02
2.086568748301784240e+02
2.191996511010541440e+02
2.297118208939783983e+02
2.401824117940599024e+02
2.506359775612527301e+02
2.611266199532215637e+02
2.716089734013320935e+02
2.821113634331574076e+02
2.926157511600853809e+02
3.031234634094600437e+02
3.135526841311123576e+02
3.240311614543970791e+02
3.345482658523881128e+02
3.450962748917785916e+02
3.555445184414221558e+02
3.660336252916330295e+02
3.765558581009319141e+02
3.869828873212405256e+02
3.974559529779415357e+02
4.079504864029085525e+02
4.184731217328624666e+02
4.289630336243832858e+02
4.394607424900729029e+02
4.499710487614463545e+02
4.604519859331782641e+02
4.709776178057860534e+02
4.814634001335501239e+02
4.919788646325763466e+02
5.024732638839915353e+02
5.129264271305294187e+02
5.234086911296055860e+02
5.338943541919904874e+02
5.443511699407680453e+02
5.549322005820397408e+02
5.654195780842512704e+02
5.759352065731741277e+02
5.863686612157899845e+02
5.969286415176231912e+02
6.074502481836810830e+02
6.179577666268144185e+02
6.284615580268459780e+02
6.389137224258328160e+02
6.494211663281039364e+02
6.598706472560573957e+02
6.703909867274605858e+02
6.809546493478783304e+02
6.914840380799325885e+02
7.019969980059945556e+02
7.125353167333204283e+02
7.230757375129558113e+02
7.335932295234293861e+02
7.440625234125114957e+02
7.545918226955312775e+02
7.650620110749578089e+02
7.755846314967393482e+02
7.861250671845472198e+02
7.966623125234598319e+02
8.071838893731728604e+02
8.177325692803218544e+02
8.282783122775064157e+02
8.387807768501936607e+02
