1.676592668782935381e+09
1.676592670982958317e+09
1.676592673070960045e+09
1.676592675179072618e+09
1.676592677298012257e+09
1.676592679387482643e+09
1.676592681466455698e+09
1.676592683609512091e+09
1.676592685700943947e+09
1.676592687808482647e+09
1.676592689930932522e+09
1.676592692035252571e+09
1.676592694141975403e+09
1.676592696230933189e+09
1.676592698379516602e+09
1.676592700484307766e+09
1.676592702574302197e+09
1.676592704661767006e+09
1.676592706766453981e+09
1.676592708855257273e+09
1.676592711006436586e+09
1.676592713110955954e+09
1.676592715205257416e+09
1.676592717283099413e+09
1.676592719377473831e+09
1.676592721467468739e+09
1.676592723557482004e+09
1.676592725721981525e+09
1.676592727812627554e+09
1.676592729900963545e+09
1.676592732016436577e+09
1.676592734121756315e+09
1.676592736214070797e+09
1.676592738325257063e+09
1.676592740411971569e+09
1.676592742515184641e+09
1.676592744601977587e+09
1.676592746705259562e+09
1.676592748792992115e+09
1.676592750888486862e+09
1.676592752992993832e+09
1.676592755097908020e+09
1.676592757215889931e+09
1.676592759349010944e+09
1.676592761441984653e+09
1.676592763545263767e+09
1.676592765651970863e+09
1.676592767819745541e+09
1.676592769927485466e+09
1.676592772018483400e+09
1.676592774125263691e+09
1.676592776230634212e+09
1.676592778332896233e+09
1.676592780486459494e+09
1.676592782589732409e+09
1.676592784724305153e+09
1.676592786831976175e+09
1.676592788936441422e+09
1.676592791041982412e+09
1.676592793195255041e+09
1.676592795302984476e+09
1.676592797406462908e+09
1.676592799495704889e+09
1.676592801599953890e+09
1.676592803706467628e+09
1.676592805864103794e+09
1.676592807956456184e+09
1.676592810067028522e+09
1.676592812174979925e+09
1.676592814277369738e+09
1.676592816397359371e+09
1.676592818538900137e+09
1.676592820644065142e+09
1.676592822735263586e+09
1.676592824856460333e+09
1.676592826948670387e+09
1.676592829039766550e+09
1.676592831180960178e+09
1.676592833297478199e+09
1.676592835387481689e+09
1.676592837498592138e+09
