-6.348655301150000476e-06
1.298418193131999964e-05
3.410040332500000060e-05
5.531563957713999606e-05
7.662765726987999840e-05
9.826910409696999369e-05
1.202656643638000048e-04
1.420485609886899966e-04
1.634897446809999762e-04
1.858946481799000319e-04
2.085035371766800019e-04
2.308522329927700204e-04
2.534011919436400138e-04
2.761604644096599917e-04
2.983494708487600456e-04
3.213469745531799321e-04
3.439391129160100126e-04
3.671971820374300938e-04
3.902363762085699615e-04
4.133023713940299992e-04
4.361398134851500030e-04
4.594112831137299523e-04
4.828841325860200101e-04
5.064935927840799644e-04
5.292305310714999272e-04
5.528318020707400585e-04
5.766046740088900252e-04
6.003875963274100556e-04
6.239996621796399783e-04
6.480956352348700303e-04
6.718454285218000916e-04
6.961617654725499749e-04
7.203411194612199895e-04
7.448149123711001124e-04
7.693136451137499478e-04
7.937364416491600244e-04
8.187615165341499690e-04
8.435107643134301522e-04
8.681863093033299764e-04
8.935940431150000106e-04
9.189224905926399395e-04
9.443045400989199915e-04
9.702036258397900336e-04
9.956057761068099962e-04
1.022316337003479920e-03
1.048611109941880110e-03
1.075387556665420054e-03
1.102513161047740092e-03
1.129660727372350064e-03
1.157340591620260135e-03
1.185073685660500194e-03
1.213222195422700069e-03
1.241407556579590069e-03
1.270212691192629988e-03
1.299643182806470114e-03
1.328577111182769862e-03
1.357421330608359848e-03
1.388018038581430129e-03
1.418498236589470262e-03
1.449344342890240053e-03
1.479843897186400043e-03
1.511083829503150067e-03
1.543219362381759987e-03
1.575214562171500235e-03
1.607263363989879738e-03
1.640745647838069959e-03
1.674263294135709982e-03
1.708542535923610137e-03
1.742930842950340129e-03
1.778545668618520224e-03
1.813353858202930132e-03
1.849425045587170351e-03
1.886554128564429857e-03
1.923168408724960183e-03
1.960920987521470090e-03
1.999438884171339959e-03
2.038327155949660238e-03
2.078368615816359854e-03
2.118349773400840172e-03
2.159560055280940020e-03
2.200415968193919838e-03
