-5.908911336094998046e-06
-5.201121340924998061e-06
-4.945468487779997122e-06
-4.555476944699998250e-06
-4.316942040964998535e-06
-3.763585719819997590e-06
-3.540308118819997586e-06
-3.205019587984997911e-06
-2.855962271754998044e-06
-2.067792340224998295e-06
-1.771577389564998230e-06
-1.334697550274998260e-06
-9.856402340449979689e-07
-2.793387562149979252e-07
-7.169058728499825141e-08
6.338666318750021395e-07
1.347238567070001584e-06
1.352076248425002133e-06
2.185273829490002101e-06
2.171877173430001787e-06
2.788867610860001998e-06
3.243609658230001893e-06
3.914930978570002270e-06
4.546806589400001466e-06
4.809157770575001926e-06
5.244176963190003135e-06
5.716036959970002560e-06
6.582354051850001951e-06
6.179337982045000526e-06
7.118220294250001792e-06
7.930578632555002590e-06
7.753445069095000748e-06
8.365969954505001984e-06
9.360671666960002934e-06
9.120648245885002855e-06
9.825089077040003078e-06
1.068694061690000138e-05
1.063521463933500121e-05
1.149371701518000060e-05
1.143417632158000297e-05
1.244227469009500126e-05
1.310950258775000170e-05
1.307415030092500300e-05
1.416634989915000113e-05
1.453326942346000240e-05
1.505908817381500465e-05
1.559197738153500292e-05
1.556667258675500435e-05
1.630348867005500254e-05
1.703100151998000376e-05
1.778344703535000366e-05
1.854556791343000381e-05
1.872977193425500166e-05
1.921800562177500255e-05
2.014944534727999861e-05
2.012674545784499919e-05
2.091231048403000191e-05
2.152074194675500108e-05
2.241124744541000025e-05
2.285929116475000401e-05
2.325114335450500228e-05
2.340557702853000301e-05
2.464290706740500489e-05
2.508350820004500429e-05
2.537935102136999982e-05
2.581511447265500417e-05
2.696164495379000840e-05
2.735275288487500013e-05
2.798648914238000465e-05
2.902472998703000673e-05
2.932950391239500274e-05
3.012176726661000667e-05
3.055901923523500377e-05
3.152990467024999720e-05
3.186965875310500559e-05
3.236756780333500673e-05
3.326551588869000348e-05
3.455903745714999730e-05
3.465318617890500403e-05
3.550573448539000196e-05
3.648629528311499902e-05
