-6.670702482520001825e-06
-6.193675051560001339e-06
-5.673112355840002549e-06
-4.682219962200002295e-06
-4.521474369240002889e-06
-4.106587017040002415e-06
-3.947701905480002501e-06
-3.078112899120001811e-06
-2.796063918880001994e-06
-2.600713371880002274e-06
-1.878102396120001989e-06
-2.006475612720001956e-06
-1.767217704680001916e-06
-1.019304181880001959e-06
-3.368796043600017370e-07
3.481496471199984105e-07
6.216404129199983362e-07
8.806194237999984036e-07
1.612904902839998383e-06
1.477461856919998436e-06
2.177374959599998340e-06
3.213663099399997661e-06
3.522503011799997380e-06
3.342036315999997840e-06
4.232834810319997411e-06
4.688280657039997847e-06
4.927538565079997887e-06
6.076199781439995817e-06
6.272294520999997452e-06
6.351178932359997138e-06
7.098720358879996772e-06
7.212581820559997093e-06
8.452778721799998038e-06
8.821898231559997428e-06
9.085714494079996707e-06
9.489811054159998427e-06
9.729813154759995724e-06
1.050265712831999863e-05
1.102098724635999803e-05
1.126247773207999661e-05
1.263402462015999904e-05
1.243383682151999598e-05
1.321895997231999724e-05
1.370417352143999719e-05
1.405766498743999745e-05
1.515609320599999636e-05
1.549209614683999799e-05
1.570940037435999978e-05
1.618791619043999816e-05
1.694476002395999865e-05
1.781993047452000079e-05
1.839854018991999901e-05
1.892654481123999747e-05
1.943222365575999523e-05
2.029102187000000182e-05
2.059316404936000083e-05
2.103484233371999908e-05
2.211317735316000008e-05
2.221029448223999734e-05
2.343077028063999688e-05
2.342370045131999542e-05
2.424826580779999779e-05
2.535301966311999836e-05
2.603283956667999611e-05
2.659805381599999799e-05
2.734485104995999782e-05
2.855639653763999641e-05
2.888644593799999797e-05
2.928310057247999833e-05
3.072236898351999587e-05
3.083288157867999625e-05
3.167419126775999406e-05
3.262526935943999245e-05
3.341485766559999419e-05
3.424202769603999584e-05
3.524222249667999441e-05
3.574604085979999268e-05
3.686009712212000089e-05
3.763480157707999312e-05
3.906886064019999546e-05
4.001621776908000165e-05
