-2.291622970895007520e-06
1.595748839565999414e-05
3.438425290047999859e-05
5.402926355889499843e-05
7.300760940075999843e-05
9.231444595111499521e-05
1.115430704280199960e-04
1.312551200065349992e-04
1.501735032587550361e-04
1.703615291699800015e-04
1.900441561113399994e-04
2.095968020353949836e-04
2.297643438321450246e-04
2.491151281190100326e-04
2.689921679286600342e-04
2.890472333150200402e-04
3.090214795588150571e-04
3.289700275499051092e-04
3.493129878542500124e-04
3.693326715883350135e-04
3.894499341950100231e-04
4.096476435058050286e-04
4.299209578209350641e-04
4.501231363930700965e-04
4.703875121855199699e-04
4.911446240407050688e-04
5.118324623451201306e-04
5.322305435393251665e-04
5.530491077379351200e-04
5.734617140314949993e-04
5.944784154828450240e-04
6.150768685604600904e-04
6.363784854222351208e-04
6.577229327051850203e-04
6.784200819707250207e-04
7.002490716706199700e-04
7.216169825756049835e-04
7.428187859341201004e-04
7.646537346491350494e-04
7.866804891633249683e-04
8.087817313665152628e-04
8.307846498202250745e-04
8.532374739154950259e-04
8.756009127839650902e-04
8.983282240132001292e-04
9.214734111777250249e-04
9.445586357526050388e-04
9.681838960727351742e-04
9.916456559155100402e-04
1.015719332123420126e-03
1.040076806426420237e-03
1.064781393360160304e-03
1.089437190857605285e-03
1.114593918063575342e-03
1.140083605239375179e-03
1.165685768825565133e-03
1.191271917558620269e-03
1.217871471300520239e-03
1.244048679845790109e-03
1.271214712462535043e-03
1.297950951113750230e-03
1.325368752119315341e-03
1.353587295781630371e-03
1.381799507990380191e-03
1.410322706300705083e-03
1.439630632414645077e-03
1.469290512859110264e-03
1.499217804107085342e-03
1.529672840631625223e-03
1.560410557935920477e-03
1.591607119404455165e-03
1.623293809866610234e-03
1.656197256728580113e-03
1.687842606523340394e-03
1.721304711052810054e-03
1.755446143305960330e-03
1.789538413684369986e-03
1.824424722827520332e-03
1.859831328478335185e-03
1.895680391001810204e-03
1.931276940259575277e-03
