-1.117098858600003998e-06
1.882807626491999432e-05
4.067997259900499703e-05
6.196852794664500634e-05
8.440610529307500420e-05
1.071519749969249976e-04
1.288325977991099938e-04
1.510687425786749803e-04
1.734225448279800479e-04
1.962614979730799910e-04
2.195360816232300053e-04
2.421780702066449794e-04
2.654183991504150439e-04
2.881497478374300250e-04
3.114462991797150183e-04
3.346408310703900043e-04
3.579522757632749852e-04
3.812283487484850091e-04
4.048227671027700256e-04
4.282354865797349548e-04
4.519170310350300451e-04
4.758029867273100440e-04
4.992987366338700207e-04
5.230253334747300220e-04
5.470788393612599628e-04
5.708907006343050261e-04
5.949978225829950958e-04
6.194031838774500826e-04
6.432463211867550223e-04
6.676300871228399783e-04
6.919241206215599521e-04
7.166061259034101506e-04
7.410859539508650754e-04
7.662125257481249962e-04
7.911525583291201778e-04
8.159976458000401268e-04
8.412560237501100300e-04
8.664377009445900892e-04
8.917459716191699888e-04
9.176358276346799521e-04
9.433957391662051075e-04
9.694900064187001419e-04
9.955038495779550915e-04
1.021718008302780140e-03
1.048648909525229985e-03
1.075744382271810132e-03
1.102452255569025220e-03
1.130022826199745178e-03
1.157883444833400326e-03
1.185844221249840198e-03
1.213939037821680283e-03
1.242634428756465284e-03
1.271199502873500203e-03
1.300205420168295363e-03
1.330151107885950076e-03
1.359747918865800197e-03
1.389206594018835240e-03
1.419848173543275267e-03
1.450675175282685296e-03
1.481185320988079963e-03
1.512986347856730201e-03
1.544539028104125085e-03
1.576827439871160159e-03
1.609477760057775398e-03
1.642336214819025081e-03
1.675743489549885159e-03
1.710113619397035049e-03
1.744104341137650257e-03
1.779317806962525108e-03
1.814484731066774931e-03
1.849912661140290515e-03
1.886448284164680056e-03
1.923849955526460084e-03
1.960290633440775043e-03
1.998676382943449965e-03
2.037497762951175420e-03
2.076576797924280585e-03
2.116570284624225140e-03
2.156590579355250302e-03
2.197750960074705117e-03
2.238929585148644996e-03
