6.319420252409980455e-07
6.678082866224980376e-07
6.582365013939981791e-07
8.060591300784981168e-07
8.353703945719981151e-07
5.574534242409981170e-07
8.349979515669980626e-07
8.154819381049980813e-07
7.377158386609979441e-07
6.472121884459980838e-07
9.067304743299980467e-07
5.694460890019980525e-07
7.065423591424980005e-07
8.008821723089979894e-07
6.093719791379979084e-07
8.214410261849979697e-07
6.371189830104981729e-07
6.638603907694982002e-07
8.644581932624979549e-07
5.691108902974978676e-07
7.372316627544980769e-07
7.498947249244979589e-07
5.492969224314980983e-07
7.646062236219980771e-07
7.696342041894978870e-07
6.529105664224979460e-07
6.970823068154980625e-07
6.339904617684978583e-07
7.270639687179980072e-07
6.463183252339980847e-07
5.292222444619980911e-07
5.978634902834981576e-07
3.617718694139980399e-07
3.725727165589979766e-07
6.000236597124982085e-07
4.897060416314980496e-07
4.051242351959979454e-07
4.317911543539980786e-07
5.217361400614980189e-07
3.503006248599979450e-07
4.844173509604980017e-07
5.511218931559980701e-07
5.054231364424981933e-07
5.793903172354979636e-07
3.747701302884979480e-07
3.599096543889979888e-07
2.859797178964979803e-07
2.601321733494980050e-07
3.532056802989979952e-07
5.173413126024980760e-07
5.154790975774980249e-07
4.390165486509980717e-07
5.266896320279979876e-07
6.838978244384980222e-07
7.191309327114981472e-07
