1.679000198745695394e-01
4.674027259463517048e+00
9.927108857608891057e+00
1.517637396699103114e+01
2.042564801777596983e+01
2.567194160095979427e+01
3.084898103896396293e+01
3.610835142374769902e+01
4.135569711199472920e+01
4.666076402603885498e+01
5.191470846955476759e+01
5.716758739590325433e+01
6.240927317617574488e+01
6.765155504996845082e+01
7.283022480375043983e+01
7.808807664029140483e+01
8.333356400698912125e+01
8.858128374392008197e+01
9.382530770102565043e+01
9.908624134106617021e+01
1.043253952141115235e+02
1.095698274952784317e+02
1.148164459494307863e+02
1.200762052852364548e+02
1.253150447189498919e+02
1.305008288488957362e+02
1.357298163469536405e+02
1.409838442435623733e+02
1.462284583332529735e+02
1.514806681446250423e+02
1.567237294106953982e+02
1.619063095379700599e+02
1.671617188813119412e+02
1.724697141047741411e+02
1.777120302539442775e+02
1.829637363662917551e+02
1.882153158087661211e+02
1.934514176829879091e+02
1.986940616835941853e+02
2.038765762405816133e+02
2.091371268905353986e+02
2.144508162973495473e+02
2.196932352726519184e+02
2.249509082811368330e+02
2.301913199115098507e+02
2.354413927276118557e+02
2.406843765015246106e+02
2.458704482465940089e+02
2.511260677129017154e+02
2.563676223525997671e+02
2.616187293909594018e+02
2.668578787933033141e+02
2.721066744790383041e+02
2.773576488865896863e+02
2.826101433326176675e+02
