-3.325208176319360007e-04
-3.778857342932619959e-04
-4.311663626265640559e-04
-4.839569179289160503e-04
-5.367905847791141181e-04
-5.895066341018840141e-04
-6.419583601640901568e-04
-6.950294567035899878e-04
-7.482745617166219453e-04
-8.014576218100619848e-04
-8.545854068732178883e-04
-9.070767479470338845e-04
-9.600883661733279877e-04
-1.012792921563151951e-03
-1.065436361963234026e-03
-1.118032561926936112e-03
-1.170944454476115964e-03
-1.223577851633818152e-03
-1.276825337267266077e-03
-1.329808090471015910e-03
-1.382221726606566031e-03
-1.435048660764649993e-03
-1.488412090051796036e-03
-1.540837443303455989e-03
-1.593909358181223954e-03
-1.646454597989146151e-03
-1.699396769054242100e-03
-1.752256027573912116e-03
-1.804591289221703799e-03
-1.857276092901514108e-03
-1.910046152549971883e-03
-1.962160165287852101e-03
-2.015086862320243991e-03
-2.068147729631394146e-03
-2.120942376625085946e-03
-2.173159425590345979e-03
-2.226671606456298320e-03
-2.279214651629773904e-03
-2.331672106059856121e-03
-2.384052004340447492e-03
-2.437102605226054187e-03
-2.490564495485718226e-03
-2.543303718660349776e-03
-2.596119568054622469e-03
-2.648455536449100065e-03
-2.701449337219467926e-03
-2.753799663730830197e-03
-2.805792822785403706e-03
-2.858884266190022186e-03
-2.911325874615459681e-03
-2.964715862699121920e-03
-3.017260358563163877e-03
-3.070330859947560231e-03
-3.123202728315995890e-03
-3.176039408138907946e-03
