8.783807681878020007e-04
8.112224991647559768e-04
7.334492075734339771e-04
6.546650358632919581e-04
5.757839059790739473e-04
4.975820413995779871e-04
4.205957257476480209e-04
3.421278400842520128e-04
2.631469988007540360e-04
1.831263313280480137e-04
1.037392777097220032e-04
2.520631919657199811e-05
-5.343196878350400423e-05
-1.324800780557699965e-04
-2.107606327880560254e-04
-2.898228802438019658e-04
-3.682667682010279777e-04
-4.474494134508299873e-04
-5.272507902566119344e-04
-6.063259109004739793e-04
-6.854198576518120284e-04
-7.649867266405561538e-04
-8.444989403884261506e-04
-9.243710825231001189e-04
-1.003581780905385846e-03
-1.082870574148525914e-03
-1.162773448229395849e-03
-1.242553989817417890e-03
-1.323599563975185953e-03
-1.404249715464465876e-03
-1.485060521364973832e-03
-1.565684963683767897e-03
-1.647289814615407813e-03
-1.730155865924955802e-03
-1.812350874399647855e-03
-1.894549194185733828e-03
-1.976988197942694189e-03
-2.058489058814264375e-03
-2.139742203828966325e-03
-2.220602456165908338e-03
-2.302672527745532136e-03
-2.384911290177520009e-03
-2.466853336785158543e-03
-2.549060697567522103e-03
-2.630916091992726441e-03
-2.713630604298816144e-03
-2.795539686615498495e-03
-2.876972907440840128e-03
-2.960004635937326257e-03
-3.042361638230102385e-03
-3.125444859479052390e-03
-3.209032925495475946e-03
-3.293390108693212189e-03
-3.378906399701832059e-03
-3.465146602910374081e-03
