-1.567933866487849440e-03
-1.528422243682344035e-03
-1.481235996004827242e-03
-1.435274371409869711e-03
-1.388936524016219859e-03
-1.342013714214865608e-03
-1.297017556855387457e-03
-1.249992239001301722e-03
-1.203550505858607018e-03
-1.156581673553374592e-03
-1.110414586032528166e-03
-1.063717643956516631e-03
-1.017475565074172890e-03
-9.706395873756046722e-04
-9.250780532370948221e-04
-8.782218941492852052e-04
-8.324948875130134141e-04
-7.856731708330411514e-04
-7.400553000858196796e-04
-6.931923642215491064e-04
-6.463741848699495508e-04
-6.006584232143986467e-04
-5.542609252938781889e-04
-5.080597304805136924e-04
-4.619212022318954663e-04
-4.161075496680150215e-04
-3.700908544555530266e-04
-3.235444908631035727e-04
-2.771707116601965161e-04
-2.308237416828495586e-04
-1.847971791859799910e-04
-1.394864974816335508e-04
-9.236299083893402052e-05
-4.559370108894600783e-05
8.974801808924989012e-07
4.726366343655749954e-05
9.371720008550552081e-05
1.398967985782800317e-04
1.862438430256979952e-04
2.318322608598390861e-04
2.783447033349479845e-04
3.252661354399890301e-04
3.712716973768365116e-04
4.183720810624905672e-04
4.648041330959550238e-04
5.108157643435891479e-04
5.568081078428339459e-04
6.024881610993404468e-04
6.492471739795305837e-04
6.952711672589504148e-04
7.418307492890026606e-04
7.881409682863110486e-04
8.342564852829900245e-04
8.803972476337381618e-04
9.263942455124205954e-04
