6.833324130651461433e-04
7.547170146501836450e-04
8.373692868867234958e-04
9.190105166945515634e-04
1.000507922890261046e-03
1.082615547344059062e-03
1.163506789270229817e-03
1.245389175607919657e-03
1.326986220659813823e-03
1.410282779535280409e-03
1.492795244955695804e-03
1.575193938348836472e-03
1.657048727810345569e-03
1.739355964709512082e-03
1.821300388229776324e-03
1.904050923197947139e-03
1.986482643580372073e-03
2.068802935066519234e-03
2.151810061475084666e-03
2.234535863393848337e-03
2.316793299461200346e-03
2.399414515913897428e-03
2.482412083835699480e-03
2.565868050004039332e-03
2.648152711022016843e-03
2.730370983328427991e-03
2.813964115641451238e-03
2.897455191582183013e-03
2.980438440370117726e-03
3.063221518824351189e-03
3.146276772399733516e-03
3.228829703320533224e-03
3.312704457663801904e-03
3.397370037314668099e-03
3.481018437765165049e-03
3.564719874799804258e-03
3.648518086863854985e-03
3.732042152601314916e-03
3.815988167880922464e-03
3.899105644601656706e-03
3.983767244649083147e-03
4.068476785900550056e-03
4.152701856924074196e-03
4.237154992697923783e-03
4.321740348006577678e-03
4.405958649985000468e-03
4.490569742542058901e-03
4.574256451324721154e-03
4.659538237235111291e-03
4.744269350168766990e-03
4.830215320735276562e-03
4.915759128199163538e-03
5.003211174108090388e-03
5.091705095074237734e-03
5.180553423901744503e-03
