-4.486238141218500304e-06
-5.051101011649499968e-06
-5.149004619744498851e-06
-5.507860430404498102e-06
-5.938077920424999103e-06
-6.307915314502499393e-06
-6.868869485750998630e-06
-7.058162203303498507e-06
-7.677114025278998356e-06
-8.016128534374500117e-06
-8.394639518066498491e-06
-8.509555274032000040e-06
-9.042031779807998464e-06
-9.349590566910998441e-06
-9.983581574312500821e-06
-9.970143094265999150e-06
-1.051743543122899935e-05
-1.085458865499949881e-05
-1.135147738536149851e-05
-1.183667724388250016e-05
-1.236044293433749981e-05
-1.270578581353799855e-05
-1.302194373884249862e-05
-1.354905974288249936e-05
-1.392846414353050074e-05
-1.446965146462750132e-05
-1.478149120797800100e-05
-1.506719850536550266e-05
-1.572821537568600437e-05
-1.603298223480150513e-05
-1.645072911314450037e-05
-1.698491800141950172e-05
-1.754959474331800387e-05
-1.811832908722500157e-05
-1.867127973157600159e-05
-1.930560577033599832e-05
-1.994577624501650339e-05
-2.078830566023100057e-05
-2.183613484679300539e-05
-2.300219287719900538e-05
-2.400899933519800563e-05
-2.519218119059400104e-05
-2.655333914876650264e-05
-2.772699122329850443e-05
-2.920671305667350571e-05
-3.062292783475950255e-05
-3.214128995148150830e-05
-3.334784955055951675e-05
-3.503849223696350954e-05
-3.675180537862600736e-05
-3.829924077212450801e-05
-3.991412914580100491e-05
-4.170613743100450737e-05
-4.379557911114300854e-05
-4.688549887917550790e-05
