-3.610986162307507918e-06
-3.688974772690507747e-06
-3.572997440917507740e-06
-3.419701776955508367e-06
-3.405735335268007810e-06
-3.452886042405007520e-06
-3.513146582806007407e-06
-3.478286344354008764e-06
-3.484468822541007601e-06
-3.378025914960007107e-06
-3.286070862889507567e-06
-3.317988837626007631e-06
-3.341936629639507255e-06
-3.358659115820008096e-06
-3.252253452083507599e-06
-3.283798988375007683e-06
-3.209944444731508065e-06
-3.122048971711507895e-06
-3.184134460493007689e-06
-3.147821712105507002e-06
-3.110317160694008070e-06
-3.107039702378006543e-06
-3.028939360461507566e-06
-3.112551791364007532e-06
-3.094190576025507199e-06
-2.959889272758506433e-06
-3.143538669988006797e-06
-3.002123792421507241e-06
-2.992105198251006906e-06
-3.039218661543506194e-06
-2.904172481386505890e-06
-2.913967612490006660e-06
-3.008455245986507342e-06
-2.925550448129507763e-06
-3.004879836914506677e-06
-2.902310289161507256e-06
-2.817394323701505662e-06
-2.887822433651005878e-06
-2.909945277284005172e-06
-3.057952315327004814e-06
-2.999889161751505661e-06
-3.033557597179507331e-06
-3.119181195685007617e-06
-3.080037915115507075e-06
-3.092551846867506012e-06
-3.206108328748005720e-06
-3.097728741253005748e-06
-3.157095429386005258e-06
-3.080447597405004089e-06
-3.256759957268005252e-06
-3.244395000894005883e-06
-3.274227320338506054e-06
-3.217951871299006386e-06
-3.147486517505005749e-06
-3.258808368715506841e-06
