-3.206233847216661270e-01
9.438310997344615316e+00
1.994393610258229899e+01
3.035768214127633868e+01
4.086864437223569269e+01
5.141423828769625004e+01
6.190799648769804975e+01
7.234033301738347177e+01
8.283270475735145055e+01
9.332309371038928703e+01
1.038206982188720673e+02
1.143136364693914828e+02
1.248093625481510145e+02
1.352109137018162244e+02
1.457229642293612528e+02
1.562033348905416972e+02
1.666370429720885511e+02
1.771884361666153893e+02
1.876854443482018837e+02
1.981770408632046951e+02
2.086212592062984186e+02
2.191618887003474754e+02
2.296627133740701083e+02
2.401560541452445250e+02
2.505979319052703431e+02
2.610861740814816017e+02
2.715785458214496089e+02
2.820720356743480579e+02
2.925741275427253072e+02
3.030786941677221193e+02
3.135053059592032696e+02
3.240096787779588112e+02
3.345205515598836428e+02
3.450678151906538460e+02
3.555028948240620821e+02
3.659935073996861092e+02
3.765169775872947753e+02
3.869393107332952013e+02
3.974077548565501274e+02
4.079210725787497722e+02
4.184232091716442596e+02
4.289155510952673467e+02
4.394148104108872417e+02
4.499226419256411305e+02
4.604151180228160456e+02
4.709212500059155673e+02
4.814203304234666234e+02
4.919276103358414503e+02
5.024107986416067320e+02
5.128613231416285316e+02
5.233632659282818622e+02
5.338450975903580229e+02
5.442856783393846172e+02
5.548563776171781683e+02
5.653551002385916036e+02
5.758553285854179649e+02
5.862927488018941631e+02
5.968729296773386750e+02
6.073454735480054296e+02
6.178627270277206662e+02
6.283632684461674671e+02
6.387974386810590204e+02
6.493181657649446379e+02
6.597355941222233469e+02
6.702256550954682552e+02
6.807883934091968285e+02
6.913005781102934861e+02
7.018090954009780944e+02
7.123216677145574067e+02
7.228326746700339527e+02
7.333234661437268187e+02
7.437922829712917974e+02
7.542983404135293313e+02
7.647243558781141246e+02
7.752633901977158075e+02
7.857755599906402040e+02
7.962603881953700693e+02
8.067653573410220815e+02
8.173211186300638929e+02
8.278175304847542293e+02
8.383182955257872209e+02
