1.676592262163103580e+09
1.676592264379420757e+09
1.676592266474276781e+09
1.676592268564869881e+09
1.676592270636325121e+09
1.676592272774313211e+09
1.676592274896466017e+09
1.676592277050524950e+09
1.676592279159760952e+09
1.676592281265262127e+09
1.676592283369759321e+09
1.676592285491988182e+09
1.676592287600762367e+09
1.676592289707465172e+09
1.676592291862755060e+09
1.676592293969628096e+09
1.676592296058492422e+09
1.676592298177472115e+09
1.676592300283103228e+09
1.676592302375258684e+09
1.676592304517262220e+09
1.676592306635797739e+09
1.676592308726468801e+09
1.676592310815257549e+09
1.676592312908493280e+09
1.676592314984113693e+09
1.676592317076461554e+09
1.676592319229832888e+09
1.676592321346456528e+09
1.676592323435046196e+09
1.676592325522968769e+09
1.676592327625257492e+09
1.676592329725259542e+09
1.676592331874309540e+09
1.676592333980965137e+09
1.676592336069940567e+09
1.676592338172959805e+09
1.676592340264307976e+09
1.676592342370124102e+09
1.676592344504479170e+09
1.676592346610960960e+09
1.676592348704584122e+09
1.676592350811978579e+09
1.676592352903731108e+09
1.676592354996556282e+09
1.676592357096460104e+09
1.676592359182995796e+09
1.676592361318430662e+09
1.676592363410961866e+09
1.676592365516925812e+09
1.676592367624322891e+09
1.676592369712994337e+09
1.676592371816458941e+09
1.676592373967486382e+09
1.676592376057476759e+09
1.676592378177479982e+09
1.676592380284519911e+09
1.676592382390954256e+09
1.676592384480960846e+09
1.676592386604084730e+09
1.676592388709774494e+09
1.676592390814295292e+09
1.676592392903884172e+09
1.676592394990955830e+09
1.676592397096455336e+09
1.676592399248497009e+09
1.676592401340949535e+09
1.676592403428488731e+09
1.676592405532971382e+09
1.676592407614308357e+09
1.676592409720733643e+09
1.676592411844315052e+09
1.676592413932347536e+09
1.676592416055115938e+09
1.676592418161984921e+09
1.676592420265260458e+09
1.676592422354109764e+09
1.676592424505666256e+09
1.676592426608346224e+09
1.676592428700964451e+09
1.676592430790948153e+09
