-5.832735775490000026e-06
1.289745087109000059e-05
3.407025218388999913e-05
5.502492301903000316e-05
7.685769930945998902e-05
9.845075541625000119e-05
1.203129383751699898e-04
1.416510126096100144e-04
1.637369095908400318e-04
1.859203324852900412e-04
2.083259804568099872e-04
2.308447882665699792e-04
2.533367950620100451e-04
2.762736242478999564e-04
2.990764483621899937e-04
3.209836719146200255e-04
3.443433615486700644e-04
3.673103418756700042e-04
3.903923432224599868e-04
4.136612071968699678e-04
4.363326318937300993e-04
4.598825342821899953e-04
4.824501050485600104e-04
5.060405811948099708e-04
5.293820312496700688e-04
5.532029216718100870e-04
5.767725525847000297e-04
6.004467819007000334e-04
6.241697741733100331e-04
6.480885627449800698e-04
6.719087086944999267e-04
6.962194621006001722e-04
7.204003050345100757e-04
7.450419765201999863e-04
7.692913109351499868e-04
7.940766656365000255e-04
8.188549478479601037e-04
8.440434344730399522e-04
8.687800262177799949e-04
8.942417342944000702e-04
9.194458548445000540e-04
9.450065777795800103e-04
9.711658567011400038e-04
9.967626865582898156e-04
1.023181414187920033e-03
1.050009973994860211e-03
1.077101704872969901e-03
1.103794026190450155e-03
1.131049541044959993e-03
1.158639696342159868e-03
1.186347478313320080e-03
1.214032181633259953e-03
1.242390260437990085e-03
1.271338333794069970e-03
1.300277845715020007e-03
1.329167477970430184e-03
1.358025842375800091e-03
1.388241380367429738e-03
1.418753590698129978e-03
1.448942327675440105e-03
1.480263407507770041e-03
1.511472816447100281e-03
1.543402502646279992e-03
1.575252530275119897e-03
1.607205667361830083e-03
1.640992812747910177e-03
1.674125194464700034e-03
1.707932812847830174e-03
1.743001567849240168e-03
1.776974459154010127e-03
1.813226553384910192e-03
1.848129663228370015e-03
1.884903632765890305e-03
1.922122796930169925e-03
1.960424796520240064e-03
1.998242144434690237e-03
2.037226080944680266e-03
2.076340672399480149e-03
2.117185045986849905e-03
2.157009864321129955e-03
2.198122620288010028e-03
