-5.636140533539998423e-06
-5.595950565359997906e-06
-5.225309747699998686e-06
-4.908999812949998786e-06
-4.218699896524998211e-06
-3.523562298744998358e-06
-3.541052377489998191e-06
-2.893547334589998136e-06
-2.686271294994998024e-06
-1.999320542584997633e-06
-1.549044047234998196e-06
-1.330231998254997802e-06
-1.258411036599998226e-06
-5.208506946299980507e-07
2.129883539900021936e-07
4.619428791050021022e-07
1.042836771040001633e-06
1.145172338165002112e-06
1.669874700515001974e-06
2.273840611220001751e-06
3.092153018885001464e-06
3.551732747610002331e-06
3.734448251095001515e-06
3.933165315985002286e-06
4.550155753415001226e-06
4.949822659205002890e-06
5.444010416085001850e-06
5.999227383905001344e-06
6.318142224000002094e-06
6.823865990265001547e-06
7.154688969080002669e-06
8.300847320880002777e-06
8.181393804345000862e-06
8.710189589380002150e-06
9.315271888090002412e-06
9.064456716300002445e-06
9.887606805320003130e-06
1.030699656586500433e-05
1.141147643214500186e-05
1.168573575204000269e-05
1.245120579413500345e-05
1.295544104306000085e-05
1.328738040988000161e-05
1.397916884364500085e-05
1.422402994607500275e-05
1.502820143901000281e-05
1.582120905189500311e-05
1.605453414494000197e-05
1.647131900014000232e-05
1.671134242121500240e-05
1.742173732173000239e-05
1.808003411534500233e-05
1.865720671393000148e-05
1.925075300325500209e-05
1.986960408736000128e-05
2.030760031465500830e-05
2.049366498215500555e-05
2.122452699609499890e-05
2.210238009735999878e-05
2.243618011085499894e-05
2.313615538999000569e-05
2.379296366626500273e-05
2.460569413390500341e-05
2.468458555292500493e-05
2.589958783170000049e-05
2.624752875992499945e-05
2.681949154782000029e-05
2.785438322845500345e-05
2.841592639497000089e-05
2.881373265408500401e-05
2.950775386386000253e-05
2.966218753788500326e-05
3.047156884151000164e-05
3.116298514594000100e-05
3.247101975846500705e-05
3.268052857407000348e-05
3.305526281441500052e-05
3.355689315799500046e-05
3.463234693614500401e-05
3.554480806556499945e-05
3.626413407011999993e-05
