-6.021766570200002433e-06
-6.305303935560003115e-06
-5.642972557160003137e-06
-4.810965275080001950e-06
-4.673289651480002187e-06
-4.059702885760003329e-06
-3.951422868280002334e-06
-3.169648584000001862e-06
-3.082950150760002188e-06
-3.050577774400002537e-06
-2.572061958320002033e-06
-2.010196575520002213e-06
-1.249631779200002103e-06
-1.067676698280001910e-06
2.070492071999829765e-08
2.581023473599983782e-07
-1.005984665600016799e-07
7.641532881599983689e-07
1.461461716879997924e-06
1.982396508879998095e-06
2.281189821719998010e-06
3.114313392639998469e-06
3.442502311599997575e-06
4.171811020399997095e-06
4.270416534599998184e-06
4.392464114439997968e-06
5.206610775079997245e-06
5.849965243199997311e-06
5.689219650239997058e-06
6.695367991359999085e-06
7.305605890559997161e-06
7.714911798559997462e-06
7.720493242759997635e-06
8.537616673639998642e-06
9.106923982039999400e-06
9.776325189759996605e-06
1.016628209119999879e-05
1.076126404291999763e-05
1.128815237539999809e-05
1.176592399891999837e-05
1.203904266843999850e-05
1.303849327651999897e-05
1.324240203795999763e-05
1.364091715383999917e-05
1.433264413835999877e-05
1.520595410751999633e-05
1.549842178359999966e-05
1.574251694327999753e-05
1.656671020348000000e-05
1.745974127548000066e-05
1.827202745471999959e-05
1.847630831243999815e-05
1.913975597967999698e-05
1.958813199708000019e-05
1.993418153747999739e-05
2.070069987427999525e-05
2.152154426795999863e-05
2.202126957200000140e-05
2.271820590443999449e-05
2.322276846011999934e-05
2.342295625875999901e-05
2.457682682303999975e-05
2.550706752304000044e-05
2.593832711155999815e-05
2.645107578540000076e-05
2.714391905876000174e-05
2.827099869087999962e-05
2.928682153528000071e-05
2.970505775399999858e-05
3.020515515431999786e-05
3.130842062451999545e-05
3.226470806411999920e-05
3.290508576199999754e-05
3.353653314915999153e-05
3.416798053631999230e-05
3.528501356887999969e-05
3.633023201939999616e-05
3.729619396227999728e-05
3.796373468859999160e-05
3.891220810632000087e-05
4.002179921327999674e-05
