-2.518810422345008202e-06
1.540367242794499531e-05
3.439579849227499800e-05
5.343298960845000855e-05
7.292232099685500956e-05
9.250960369629501235e-05
1.113240766223600072e-04
1.309240222289299958e-04
1.506226640234249996e-04
1.699805246407450141e-04
1.894873606360649939e-04
2.097655166509799953e-04
2.293997265944900093e-04
2.491803048468850361e-04
2.691921673736250172e-04
2.891425775569400353e-04
3.088333981440900193e-04
3.289793385110300478e-04
3.489349628325750250e-04
3.693591147179300731e-04
3.892722810567450661e-04
4.095388914798650613e-04
4.299399521816300970e-04
4.505477162203700477e-04
4.704258733453550831e-04
4.915673416757801624e-04
5.116071370858950133e-04
5.324510270987649384e-04
5.531507834334199996e-04
5.743347097465751174e-04
5.949085818868199817e-04
6.157703489450500143e-04
6.368075345108750989e-04
6.582748864806750328e-04
6.788949409881001387e-04
7.007440423640251548e-04
7.222981724915100233e-04
7.435699942776849468e-04
7.652425598306800397e-04
7.874216416688751066e-04
8.095590104012301757e-04
8.314744058203649580e-04
8.541324434988300683e-04
8.766459750606351046e-04
8.996712370458701284e-04
9.226883053853149764e-04
9.461005309149049872e-04
9.695909685179450888e-04
9.932545899979101749e-04
1.017122680184180108e-03
1.041569912152425208e-03
1.065852153889535175e-03
1.090385046700130230e-03
1.115599501865075210e-03
1.140587886893905086e-03
1.166217238486580085e-03
1.191632437973379980e-03
1.218098286313525113e-03
1.244285923135255226e-03
1.270879517862035304e-03
1.298378882887055120e-03
1.325479738775925485e-03
1.353805544710400292e-03
1.381922785115675218e-03
1.410440396849325321e-03
1.439316666805510276e-03
1.468984368457319995e-03
1.498523951284050316e-03
1.528959621009450334e-03
1.559376296374155374e-03
1.591058517574970308e-03
1.622309455056475305e-03
1.654404338054350516e-03
1.687404991350465247e-03
1.720831341789215126e-03
1.754205178407220421e-03
1.788438602956285428e-03
1.823373329097285325e-03
1.858693156590415134e-03
1.893700880666635217e-03
1.929143612846615169e-03
