-1.259702690595004224e-06
1.903174283437499630e-05
4.064646256015500459e-05
6.259739967572999536e-05
8.445301934746500853e-05
1.067967685851150113e-04
1.286363779049550025e-04
1.509280004155049944e-04
1.736701467817049910e-04
1.962022969044450429e-04
2.193372553927199972e-04
2.419211599087950034e-04
2.649444182675700235e-04
2.882041085671199960e-04
3.113089080204299998e-04
3.347715202219049796e-04
3.577173331575600424e-04
3.813270171962100490e-04
4.046016008463600090e-04
4.283073469963799302e-04
4.517762888718600050e-04
4.755881501449049599e-04
4.987662993499200571e-04
5.228521982740050441e-04
5.468431520880151237e-04
5.708646372707549665e-04
5.950309602880800384e-04
6.189050012998800147e-04
6.435955702583249973e-04
6.679104544478849971e-04
6.921594355610399514e-04
7.168794188869199611e-04
7.411823883959999925e-04
7.661808773781000632e-04
7.910382518632650371e-04
8.161812063461851719e-04
8.416879309175099959e-04
8.669902442518499655e-04
8.924422357597200329e-04
9.181362442148399260e-04
9.442439154828749385e-04
9.700116460234650901e-04
9.965553201303151490e-04
1.022633577030915243e-03
1.049430438097965308e-03
1.076632025967570218e-03
1.103883878895450072e-03
1.131668169107280216e-03
1.158946457732475078e-03
1.186914680824214998e-03
1.215249280340715112e-03
1.243274470498500128e-03
1.271895394680285299e-03
1.301052851817435189e-03
1.330584504388410052e-03
1.359883448356259987e-03
1.389354038189775107e-03
1.420351941127320208e-03
1.450636452571125263e-03
1.481790363356205124e-03
1.513115547673185004e-03
1.544113450610730106e-03
1.576779036481710172e-03
1.609307975860934953e-03
1.641858882932295365e-03
1.675759499901780317e-03
1.709349218177489945e-03
1.743349992929760272e-03
1.778534044387199880e-03
1.813326028390095049e-03
1.849760004296640073e-03
1.885280273143875385e-03
1.921952542660020427e-03
1.959549689248424927e-03
1.998065755568849931e-03
2.036414644028790213e-03
2.075373042862035250e-03
2.115015046487820141e-03
2.155863411512205438e-03
2.195429831383695005e-03
2.236866483756780408e-03
