3.145833406804980587e-07
3.932805476369980097e-07
3.976753750959979525e-07
4.381226854389980726e-07
3.783455831364980505e-07
3.133915230644979540e-07
1.405034801434980404e-07
2.555511243879980359e-07
5.729842975494979697e-07
4.712701128839980408e-07
3.729451595639980292e-07
3.531311916979979423e-07
5.091475664924980839e-07
4.929835400754980464e-07
5.743250923674980743e-07
8.259475865454979389e-07
6.393908853409981443e-07
1.002671792417998166e-06
7.164865873759981233e-07
7.085535513694980515e-07
6.973802612194981681e-07
6.272492433779982088e-07
9.901204631494979932e-07
8.249047461314980458e-07
7.052015643244981076e-07
7.731724127369979101e-07
6.688883713369981160e-07
4.653482691044979141e-07
5.668017436664980286e-07
6.299308330139981004e-07
8.365249678874980346e-07
6.816631664084982361e-07
7.903047909669979995e-07
7.686286080759980733e-07
7.038235252059980295e-07
7.964128562489980996e-07
9.229317450474980576e-07
6.678455309229981170e-07
7.438611482434980176e-07
5.586824861574979834e-07
7.476228225939979875e-07
6.988700332394980608e-07
6.075842527139979101e-07
6.130964091879981165e-07
6.068766110044979902e-07
7.660215070409981287e-07
5.856101154189979841e-07
7.361515780399979985e-07
6.262436472644980775e-07
8.592812354929980393e-07
6.925757464549979874e-07
