1.683277169753304436e-01
4.675957112235242796e+00
9.933113009591350462e+00
1.518320221826520111e+01
2.043743576713841037e+01
2.568117359935427046e+01
3.086629159479127438e+01
3.611851481826752774e+01
4.137051301643990087e+01
4.667699863306216912e+01
5.193616783628282718e+01
5.718213356803052250e+01
6.243105294317093268e+01
6.767508137097790666e+01
7.286518866917919013e+01
7.811844164421162873e+01
8.336781852112881097e+01
8.861350408892199937e+01
9.385696175718337031e+01
9.911833054549366295e+01
1.043665331181759797e+02
1.096022862776884494e+02
1.148583796383447577e+02
1.201164117931755868e+02
1.253541037468625774e+02
1.305484254262518675e+02
1.357727723362548033e+02
1.410281950917008658e+02
1.462739462297812736e+02
1.515333598313452512e+02
1.567752527541159964e+02
1.619568478368484818e+02
1.672075420804453358e+02
1.725293473005373812e+02
1.777697082629611884e+02
1.830285242807710802e+02
1.882754199184103925e+02
1.935256447383600857e+02
1.987646317052197276e+02
2.039508658857733110e+02
2.092060382819409199e+02
2.145168664398579779e+02
2.197713905843223188e+02
2.250165828847275407e+02
2.302686392020181074e+02
2.355111267280753111e+02
2.407527245845535901e+02
2.459438675952462461e+02
2.511986063333778532e+02
2.564435825498819668e+02
2.616962409216279752e+02
