4.772565710167450226e-04
4.892345822857420423e-04
5.031704840613700300e-04
5.172422502422395875e-04
5.305900633303015611e-04
5.446201738490110333e-04
5.582616965478566116e-04
5.718922846353850916e-04
5.854758241402060722e-04
5.994592580017631773e-04
6.135060307853366186e-04
6.275057177936472098e-04
6.408935128788716606e-04
6.544638490264900483e-04
6.683156584341325753e-04
6.823094318261186753e-04
6.954814728968876283e-04
7.100291550179351624e-04
7.231553748603280650e-04
7.372723299961301104e-04
7.509301802268400928e-04
7.650397712366530101e-04
7.786925260872596842e-04
7.924047890266660774e-04
8.064563968424546137e-04
8.202312548527676203e-04
8.341355057636651695e-04
8.478426361304125785e-04
8.616097952817371088e-04
8.761377653483695639e-04
8.901328776723535985e-04
9.028570087972361251e-04
9.170268145544035673e-04
9.308162892390281279e-04
9.445966889401106016e-04
9.583479296776811025e-04
9.727097977914506187e-04
9.867410612793806220e-04
1.000278444822826204e-03
1.014050029888255130e-03
1.027896000064684083e-03
1.041957352330013728e-03
1.056051434044183316e-03
1.069635568629892074e-03
1.083585306036166001e-03
1.097556094428853157e-03
1.111265828274485626e-03
1.124616096071210606e-03
1.138646764478252723e-03
1.152439140182206015e-03
1.166597267476946745e-03
