-4.149882986317259882e-04
-5.183017195014140519e-04
-6.389746988389620116e-04
-7.589192083292139492e-04
-8.801332580506860282e-04
-9.998897729224618270e-04
-1.119163728596475962e-03
-1.240785980324904262e-03
-1.360689461310173867e-03
-1.483141061676025935e-03
-1.604604927752401955e-03
-1.725661744934836117e-03
-1.846802107014994124e-03
-1.968209768131235979e-03
-2.088164023286316010e-03
-2.210276831609215686e-03
-2.332179438588822141e-03
-2.453954682376172005e-03
-2.575421598622455906e-03
-2.697843627219078007e-03
-2.819779934856448452e-03
-2.942243252338409918e-03
-3.063906644163401794e-03
-3.186847462024742280e-03
-3.309187061639460355e-03
-3.430512628548544087e-03
-3.552784864044927857e-03
-3.675154556189592133e-03
-3.798220654200323843e-03
-3.921422484771962952e-03
-4.044085699974481370e-03
-4.165685484597732302e-03
-4.288777434658295161e-03
-4.413558323312426895e-03
-4.536576697323256059e-03
-4.659892611688892794e-03
-4.783761127568592064e-03
-4.907530698912252083e-03
-5.029862003552708870e-03
-5.151901087037101014e-03
-5.276746550020016205e-03
-5.402745721172037482e-03
-5.527981791889146658e-03
-5.654370306070763928e-03
-5.781341142324452308e-03
-5.909325490523058798e-03
-6.035840363572695169e-03
-6.161747360077982592e-03
-6.290046694115380282e-03
-6.417672721744184516e-03
-6.545843427884730226e-03
