9.840819205163421190e-04
9.700234317442739916e-04
9.544956136511741204e-04
9.385080069490059395e-04
9.220687969018899173e-04
9.057040727582658978e-04
8.897953422376178850e-04
8.733012909208979872e-04
8.573139818646980086e-04
8.409168515163079147e-04
8.245663771734019869e-04
8.090560085751759972e-04
7.927277460626319357e-04
7.765701835127361216e-04
7.606231682794539414e-04
7.444350598120920166e-04
7.283266088469159778e-04
7.124919921722999315e-04
6.963341691821821030e-04
6.800026325639900926e-04
6.645287628025900320e-04
6.484479185009461117e-04
6.323419231150060075e-04
6.154477612058020363e-04
6.004995714296359208e-04
5.845233124799980272e-04
5.676447397783680824e-04
5.521946816944079458e-04
5.354071514532399286e-04
5.196568802048060279e-04
5.037539909862800286e-04
4.868843104579440029e-04
4.717195832400580303e-04
4.553715272706420117e-04
4.392862554852240632e-04
4.230187871616440209e-04
4.059586876252800039e-04
3.906270926365840038e-04
3.738966360097800245e-04
3.579335850999719481e-04
3.419210877537300314e-04
3.255969922847379836e-04
3.093498755042200067e-04
2.935751600806639689e-04
2.774264152925700233e-04
2.620595864624120325e-04
2.453324039412560021e-04
2.295326118448960207e-04
2.130228224976179953e-04
1.970882711892460210e-04
1.813016499269700212e-04
