-1.562789473983169529e-03
-1.469880725108676026e-03
-1.361716744954797080e-03
-1.251878640369802646e-03
-1.141946815200454686e-03
-1.031446075923702103e-03
-9.234738562026483443e-04
-8.125457331884266589e-04
-7.020084291068131839e-04
-5.909606699235301361e-04
-4.804730001442381157e-04
-3.696523002074339893e-04
-2.593434703036485512e-04
-1.492679551323060024e-04
-3.972352327230001463e-05
7.170850147734300747e-05
1.825155733911539848e-04
2.938702237370280400e-04
4.039575051795885182e-04
5.155539226109641642e-04
6.260815828183829762e-04
7.375459275788401672e-04
8.488131500613600592e-04
9.606684626945669308e-04
1.072075875085744560e-03
1.181425530475050008e-03
1.292455863661719261e-03
1.404310394359180921e-03
1.516406133616611356e-03
1.628329511894712357e-03
1.740096354083571278e-03
1.850503670656254360e-03
1.962170089954369968e-03
2.075522995715387096e-03
2.187831347025522358e-03
2.300064781444231907e-03
2.412575616877416038e-03
2.525117692505385401e-03
2.637086683701974233e-03
2.748124203250494352e-03
2.861540073456541721e-03
2.976755475693268829e-03
3.091181011121934673e-03
3.205581375666602308e-03
3.321285822859586234e-03
3.437306544444107201e-03
3.553830013477949235e-03
3.668664650241652923e-03
3.785696973270637981e-03
3.901646054646857285e-03
4.019202237390290949e-03
