-4.534184851190501874e-06
-4.482664473394498461e-06
-4.452772231074999389e-06
-4.406910160666999176e-06
-4.547995588301998584e-06
-4.554956795417497973e-06
-4.354682494447497904e-06
-4.661682895952997699e-06
-4.401959141702498070e-06
-4.564784381933497111e-06
-4.394476774695997494e-06
-4.412121759576998334e-06
-4.498299270124498476e-06
-4.528005383911498335e-06
-4.216053963441497434e-06
-4.341430142933497988e-06
-4.150462268588497565e-06
-4.179237739712997968e-06
-4.153328647988999008e-06
-4.236565327722997175e-06
-4.324641349301997767e-06
-4.032903487461497865e-06
-4.019167201762998300e-06
-4.283432492206498224e-06
-3.961876839459498088e-06
-4.022554741054498388e-06
-4.058216967881499341e-06
-4.206226376925499990e-06
-4.038412892023500000e-06
-4.066294946192001636e-06
-3.930272214640998627e-06
-4.050585698048998548e-06
-4.069943065428999776e-06
-3.987227545585998560e-06
-4.171457567054498650e-06
-3.947061008272499696e-06
-3.927815318012000537e-06
-3.817627226772001037e-06
-4.053526528862501370e-06
-4.021884678337501219e-06
-4.020693455729498628e-06
-4.079063363521498514e-06
-3.910319235956998221e-06
-4.098234602368999682e-06
-3.873130755163500328e-06
-4.095852157153001277e-06
-4.042805525390501771e-06
-3.885936398199502978e-06
-4.082748708465002426e-06
-4.077313755316001671e-06
-3.714735374006001629e-06
