-3.843760190432507891e-06
-4.841969710721508593e-06
-5.712134893619508209e-06
-6.637011284088008421e-06
-7.616077468304008406e-06
-8.553579522058007972e-06
-9.539908255951510128e-06
-1.059338764147850886e-05
-1.149647638291450848e-05
-1.255658517276251026e-05
-1.368645168335901017e-05
-1.477926056867801028e-05
-1.587944373520800662e-05
-1.703839768835900843e-05
-1.828837559746800898e-05
-1.922572867584400856e-05
-2.053146062016950626e-05
-2.169968829060101099e-05
-2.283037416577651086e-05
-2.402221443362101099e-05
-2.529237850644900712e-05
-2.627818582651950761e-05
-2.759170173434551170e-05
-2.873408217669401097e-05
-2.984987051406950821e-05
-3.103455996377000871e-05
-3.228044104998401286e-05
-3.334323139663601280e-05
-3.460076980617850619e-05
-3.587324299736550898e-05
-3.713700112893951222e-05
-3.818727754383950603e-05
-3.960664045773451487e-05
-4.074071552275951118e-05
-4.191147577461701578e-05
-4.318182606666750851e-05
-4.455455968724850619e-05
-4.565626985140300753e-05
-4.699771864260401358e-05
-4.826546186553951323e-05
-4.949361488177151828e-05
-5.076027803321651459e-05
-5.209196893715850759e-05
-5.331662103200750604e-05
-5.466049067310100858e-05
-5.580141860551400453e-05
-5.712193635610601165e-05
-5.860818921472302385e-05
-6.000043860982201376e-05
-6.162728698142650862e-05
-6.295208777413599857e-05
