3.229633082929979713e-07
3.662039411734979563e-07
-4.858583349500203640e-08
3.289968849739979655e-07
2.640428249019979748e-07
1.413228547544980131e-07
1.289577469884979191e-07
1.400193042369978820e-07
-3.543859541850202253e-08
2.231858272534979875e-07
3.555520712304980194e-07
3.238571715049980233e-07
3.075814121864980125e-07
5.052125013549795459e-08
5.381608765819979766e-07
4.313069784474979468e-07
2.729814570219980192e-07
3.540995435109979943e-07
5.267641206289980405e-07
6.161131975284980872e-07
5.247901727024980689e-07
6.541768726394979977e-07
3.332427352309980673e-07
5.858335812219980368e-07
4.520892981264980327e-07
3.365574779754979847e-07
3.112685979359979825e-07
2.782701476929980141e-07
5.041568302254981416e-07
4.140628673159980956e-07
3.612876935074979610e-07
4.537280473484979782e-07
5.024435924024980903e-07
4.958885955144980966e-07
4.170796556564980663e-07
3.167435101094980037e-07
4.472475390614980374e-07
3.732431139679980819e-07
3.308963442994980431e-07
3.913810883114980909e-07
5.816249752654981732e-07
5.581238216499980634e-07
3.472838365194979744e-07
3.530194587964980748e-07
3.934667691394979831e-07
4.611396631479980505e-07
6.291487027034980217e-07
6.612905340349980174e-07
5.787199198264979113e-07
4.651992919024980201e-07
4.425175128979979625e-07
4.177128087649979863e-07
3.681778890999980338e-07
3.694069510164979532e-07
3.836715181079980719e-07
2.473201339774980173e-07
1.095534664279980436e-07
4.590539823199979996e-07
4.397986789614979916e-07
6.937303197704981186e-07
6.836743586354980753e-07
5.008420874809981712e-07
5.543621472994979876e-07
6.444561102089980335e-07
2.947693728144980777e-07
8.843094054289981211e-07
4.500781058994980876e-07
