1.907915012849820124e-01
4.692413764094834683e+00
9.951125465538726900e+00
1.520554529363700702e+01
2.045348260470284174e+01
2.570454195558086141e+01
3.089625721605294828e+01
3.615029554429828096e+01
4.140277806845583086e+01
4.671929891949108082e+01
5.197132096140425261e+01
5.722768107391087256e+01
6.247220425933961252e+01
6.772027867191511064e+01
7.291244696346257115e+01
7.816917218325032479e+01
8.340978648542019869e+01
8.866082348279120140e+01
9.390940457485888260e+01
9.916704628843399405e+01
1.044201725935933638e+02
1.096561552491111229e+02
1.149078181446783589e+02
1.201673509649463654e+02
1.254067626484391837e+02
1.306008473806541872e+02
1.358304950522857268e+02
1.410929576722056424e+02
1.463352350752969357e+02
1.515922866562870297e+02
1.568387188312142371e+02
1.620238025512738318e+02
1.672864186652751926e+02
1.725951828493785740e+02
1.778395719137652691e+02
1.831034934725759058e+02
1.883451807430822100e+02
1.936023515427763186e+02
1.988413399998697741e+02
2.040278439127413037e+02
2.092887537090410319e+02
2.146004342806920420e+02
2.198504579190786785e+02
2.251116508598005055e+02
2.303534841732192149e+02
2.356028804231758613e+02
2.408479907607220127e+02
2.460395227224366295e+02
2.513031313321491780e+02
2.565501268154530408e+02
2.618032650424828489e+02
2.670402133695033626e+02
2.722918270873551592e+02
2.775485508169090849e+02
2.827993136112608568e+02
2.880490958317717514e+02
2.933137967828600949e+02
2.985558431997122852e+02
3.038148112213699505e+02
3.090017785969534430e+02
3.142562818781445344e+02
3.195079969318947519e+02
3.247565750434948200e+02
3.300019029551759786e+02
3.352770385233357615e+02
3.405758881819638759e+02
3.458324450053322607e+02
