-4.989116778046759869e-04
-6.023424186242399420e-04
-7.228293375973999331e-04
-8.433110489633999750e-04
-9.641337098096039362e-04
-1.084563419498391947e-03
-1.204141164655803901e-03
-1.324803803173420181e-03
-1.445259885672753840e-03
-1.567139318800498098e-03
-1.688553712608853842e-03
-1.809734991602411852e-03
-1.931105046355519918e-03
-2.052219258808295633e-03
-2.172208144550990226e-03
-2.294653495788249661e-03
-2.416244985437240173e-03
-2.538106303531505962e-03
-2.660316791685849933e-03
-2.782795397214545777e-03
-2.905168437106670377e-03
-3.026870253633063852e-03
-3.149822044666634145e-03
-3.272187012767659945e-03
-3.394309380769418034e-03
-3.515049873014076086e-03
-3.637555334916839703e-03
-3.760851869544402579e-03
-3.883312025264874269e-03
-4.006076751609818562e-03
-4.129283789788615669e-03
-4.250657899035869755e-03
-4.373550992897308996e-03
-4.499023526176676446e-03
-4.621397979562172874e-03
-4.745263110497217711e-03
-4.869174514741600457e-03
-4.992243551330657718e-03
-5.115457359398764559e-03
-5.236891318931164059e-03
-5.360902783627405875e-03
-5.486003977319071738e-03
-5.609747808204485105e-03
-5.734096428267141526e-03
-5.857327309847294369e-03
-5.981414768410878331e-03
-6.106220207213050415e-03
-6.228919243313390565e-03
-6.353928187963936089e-03
-6.478166406754803062e-03
-6.602460718914219054e-03
-6.726710989595942845e-03
-6.850964422039154678e-03
-6.975843176510700822e-03
-7.100763852219884459e-03
-7.226586113517240000e-03
-7.351187376921546404e-03
-7.476267888973348041e-03
-7.601733838349378908e-03
-7.725183365035862698e-03
-7.852030520619500062e-03
-7.978548183458685980e-03
-8.106114212013569228e-03
-8.235463250865646123e-03
-8.365817767068739474e-03
-8.498338908230750402e-03
-8.629820053045713507e-03
