9.836697924679000619e-04
9.691175834464119771e-04
9.533504207892939779e-04
9.371122333878160538e-04
9.204151875209199644e-04
9.046010340066039509e-04
8.890502599682219243e-04
8.727154120386359940e-04
8.562723697996819146e-04
8.403188435608499162e-04
8.242498306864341241e-04
8.080465422747039632e-04
7.916677543590920326e-04
7.756330451824880326e-04
7.598105203753220205e-04
7.435803322092340590e-04
7.270634365644699192e-04
7.108614131481039676e-04
6.950853955234379119e-04
6.786875582658740422e-04
6.625759076065419967e-04
6.458973529954079550e-04
6.301048904310099959e-04
6.144307421388919095e-04
5.986087010064240635e-04
5.824223412091240806e-04
5.665335529683319634e-04
5.505348961596019143e-04
5.342420907229959411e-04
5.181318538820119893e-04
5.022582083798420288e-04
4.863308749861940550e-04
4.702805021905240323e-04
4.538034911054720632e-04
4.371186859290100550e-04
4.210445758673920505e-04
4.048497703657499640e-04
3.884443803417480016e-04
3.727111865307280005e-04
3.563946066224280744e-04
3.412582673887399926e-04
3.246129003030380142e-04
3.079663054277179601e-04
2.920537799209780238e-04
2.758517192988659927e-04
2.595567559289919620e-04
2.435448910804320145e-04
2.272532390219519850e-04
2.114765516938580433e-04
1.953193612014220214e-04
1.790539763996180131e-04
1.627721094523359947e-04
1.474402540234180073e-04
1.310894820345439855e-04
1.148674791325760046e-04
9.938843777248200636e-05
8.253799261482799203e-05
6.640256748380200726e-05
5.021650533247000301e-05
3.423581889905799309e-05
1.759718605338200166e-05
2.261349609642001973e-06
-1.438531967716999809e-05
-3.017540107382399867e-05
-4.639029767830600396e-05
-6.310300716426800775e-05
-7.934056206806400333e-05
