-1.487812820325192138e-03
-1.395153173838193728e-03
-1.286017098612516132e-03
-1.176510758193826485e-03
-1.066277999467567759e-03
-9.560395065458417293e-04
-8.474860851556680497e-04
-7.371367435332587233e-04
-6.268830959520841229e-04
-5.151016203942736195e-04
-4.049134320055080443e-04
-2.936542895256915794e-04
-1.833559971369524706e-04
-7.258932523665900794e-05
3.599537358333450488e-05
1.474664578852170069e-04
2.583899265200011110e-04
3.698397123815775635e-04
4.803767930529780745e-04
5.917095491979780519e-04
7.029522710271389517e-04
8.142385950828705731e-04
9.248645185489741188e-04
1.036330985706454631e-03
1.147613325613387617e-03
1.258439648040552512e-03
1.369706535407752687e-03
1.480992189232845308e-03
1.593033565338445754e-03
1.705035472306416344e-03
1.816613309455077357e-03
1.927312213590760782e-03
2.039320673924979038e-03
2.153660308126745856e-03
2.265118732516559121e-03
2.376857089903260632e-03
2.490157680439399925e-03
2.602189040320450949e-03
2.714652438318408169e-03
2.825904692316657738e-03
2.938801133777480413e-03
3.052279000317635431e-03
3.165592548646128587e-03
3.278311565162793633e-03
3.392187027412017601e-03
3.504269362056668027e-03
3.617468710531283101e-03
3.729121166691086019e-03
3.842758994943748854e-03
3.956060441885705069e-03
4.070043401682417114e-03
4.182709097628247233e-03
4.296766341320781141e-03
4.410251059107468501e-03
4.524603390456341176e-03
4.638639968704174124e-03
4.752411284559103499e-03
4.866899523787551578e-03
4.981404034726512504e-03
5.094328179053747054e-03
5.209432062359152515e-03
5.325172553066500128e-03
5.441740182852445457e-03
5.559534185767617091e-03
5.678551620244214060e-03
5.798882520598074193e-03
5.918133307042149419e-03
