4.750731076610065304e-04
4.867792413492985203e-04
5.009759745166480083e-04
5.150113291856830587e-04
5.291800563587412132e-04
5.427921597461860632e-04
5.557995493737566059e-04
5.705395913918501032e-04
5.840484854377826253e-04
5.981668538906935234e-04
6.122986860486956612e-04
6.256978248633475849e-04
6.395178346360375120e-04
6.531531089855590342e-04
6.670591451391205684e-04
6.809025118366645712e-04
6.951593109811465311e-04
7.092547316273141618e-04
7.227936028729795145e-04
7.371550618686386561e-04
7.500302319614066257e-04
7.642994534194256714e-04
7.777961854997096462e-04
7.916804640083036863e-04
8.055984017796251210e-04
8.192752945987511609e-04
8.330316679089806459e-04
8.468890933925035582e-04
8.607487876219120735e-04
8.740196121200890676e-04
8.880697694262131838e-04
9.017824414837300601e-04
9.157492502729787636e-04
9.295003422403272115e-04
9.438666362682011229e-04
9.576567804188247050e-04
9.717721362747400605e-04
9.851907267959187416e-04
9.995358210671575865e-04
1.012735756554551713e-03
1.026429460408763341e-03
1.041088683003755892e-03
1.053883145251088317e-03
1.067857243781215231e-03
1.081664682470146127e-03
1.095654104333138642e-03
1.109349928163014037e-03
1.122904717822433528e-03
1.136958110880886266e-03
1.150835136841157772e-03
1.165041726035714745e-03
1.178707870206300874e-03
1.192581846377021703e-03
1.206672022872863756e-03
1.220556264188902337e-03
1.234378096396811708e-03
1.248187841024183667e-03
1.262204190297358227e-03
1.276191975687908809e-03
1.289127286142920060e-03
1.303692783498051986e-03
1.317393628322920205e-03
1.330942355595793151e-03
1.344746818880284073e-03
1.358659847234279603e-03
1.373309288187175153e-03
1.387062425745076233e-03
