-4.462972074656001189e-06
-4.427198170709499014e-06
-4.584439554965499622e-06
-4.321626067075497800e-06
-4.564672704813998430e-06
-4.540140964230498733e-06
-4.422731085929497557e-06
-4.458393312756498511e-06
-4.582913300998999294e-06
-4.449235788957498236e-06
-4.520820822556998195e-06
-4.244457177500997715e-06
-4.416700521476498471e-06
-4.238203258808998726e-06
-4.513226778430998938e-06
-4.309751066701998842e-06
-4.172723241075497538e-06
-4.127754587623497786e-06
-4.124702079690497977e-06
-4.139852942235997495e-06
-4.206933665348997849e-06
-4.211251847302998240e-06
-4.203434448937998233e-06
-4.047421512996498363e-06
-4.066816106082998587e-06
-4.018124881980998468e-06
-4.198446204266999825e-06
-4.064508112279999021e-06
-4.123175825724000190e-06
-4.082599805638998820e-06
-4.018199333393999001e-06
-3.938722450016498502e-06
-3.837654656868998588e-06
-3.840744390508499087e-06
-4.039678566044498888e-06
-3.947619393869999878e-06
-4.047495964409500590e-06
-4.008483423997500238e-06
-3.793207163308002563e-06
-3.690017504890001449e-06
-3.694149558311500085e-06
-3.834676600348997617e-06
-3.792015940699998278e-06
-3.589731451578999502e-06
-3.827082556223000054e-06
-3.569331764417000560e-06
-3.697239291951001431e-06
-3.746786707302501745e-06
-3.847966177569502458e-06
-3.689049636521001303e-06
-3.580648379193000183e-06
-3.426906211348000885e-06
-3.845248700994999539e-06
-3.783305125378999504e-06
-3.501245947228500641e-06
-3.684768680273502025e-06
-3.469231839638502062e-06
-3.765325109139502621e-06
-3.594124084946002120e-06
-3.629339603295002843e-06
-3.657556688822002217e-06
-3.652866249803001280e-06
-3.683205200600501007e-06
-3.599856843747001194e-06
-3.415812950811002859e-06
-3.709449323683002786e-06
-3.783379576792003425e-06
