-3.829235091077508633e-06
-4.745694372689008427e-06
-5.682116354952507201e-06
-6.579693007402508806e-06
-7.653619263560008183e-06
-8.541810467196008573e-06
-9.471752020516508526e-06
-1.035011084920450772e-05
-1.151122494533650773e-05
-1.247654815093200927e-05
-1.350094009390450948e-05
-1.460782715244450887e-05
-1.594581226610700662e-05
-1.702998057950200886e-05
-1.827466986269200968e-05
-1.943217130590750479e-05
-2.050356498063901108e-05
-2.170397133271850738e-05
-2.281495521415350826e-05
-2.400880664960101168e-05
-2.522422227101400722e-05
-2.641025249911650765e-05
-2.764991386329900873e-05
-2.875784374948500637e-05
-2.981426539872751003e-05
-3.112893586573301066e-05
-3.217507821389350807e-05
-3.342431124611251205e-05
-3.475313437402800858e-05
-3.578609240123550666e-05
-3.698776504402800968e-05
-3.812184010905300598e-05
-3.935457411815851419e-05
-4.072589247264851871e-05
-4.207992968329051056e-05
-4.329713300923951618e-05
-4.451172926607350837e-05
-4.570345780238450851e-05
-4.688792378901800563e-05
-4.805700806787301370e-05
-4.940501177570601264e-05
-5.066876990728001588e-05
-5.205926884168751603e-05
-5.318414467712101619e-05
-5.455345186400800727e-05
-5.579721005108550814e-05
-5.705594026365201502e-05
-5.843645784773351568e-05
-5.989135138928151594e-05
-6.128527675738300914e-05
-6.288475090328002912e-05
-6.447767013254502232e-05
-6.628924797286950775e-05
-6.792499762330951910e-05
-6.961236724222652104e-05
-7.156211974564601975e-05
-7.341418164494200650e-05
-7.525305922328501425e-05
-7.718210414916251401e-05
-7.954023540752450203e-05
-8.172935409954551901e-05
-8.396897544470850630e-05
-8.650867044500801554e-05
-8.952787994324501724e-05
-9.274612054649000877e-05
-9.612886721089150207e-05
-9.983772097773501938e-05
