1.097048849884998129e-06
7.344383402169980531e-07
8.355938603749979561e-07
7.638613376119980778e-07
6.946614272829978795e-07
8.835645194189981219e-07
8.147370520949980820e-07
8.370836323949980606e-07
1.002969746821998166e-06
9.548501105759983182e-07
6.702291661549982206e-07
9.211067743229980859e-07
1.194777894396998247e-06
1.069264601711997997e-06
9.214047287269979797e-07
7.774927515949981177e-07
8.144390976909980823e-07
5.371925247689979246e-07
1.071499259741997889e-06
4.747710771309982492e-07
5.491851895299979661e-07
6.940655184749979859e-07
8.917582655289980081e-07
5.411404206219979738e-07
8.098952930299980337e-07
7.431535065339979918e-07
5.444924076669982353e-07
8.767860567279979695e-07
8.564506686549978302e-07
6.382735563259978806e-07
6.422959407799979827e-07
5.633380237199979525e-07
5.718297242339981561e-07
7.364495324439981041e-07
7.190936884109978561e-07
8.913113339229980086e-07
6.887023392029980970e-07
6.974919941209979827e-07
6.026680050479980207e-07
5.830775029849980924e-07
5.815877309649983056e-07
4.825923802359979241e-07
3.809899284719980215e-07
3.223673994849980248e-07
4.716425558889978816e-07
7.292241381469979522e-07
9.768242478709981383e-07
4.285136559099979759e-07
5.683287599869980007e-07
7.106019878969980760e-07
4.177872973659981450e-07
