2.616153614625701493e+02
2.563671723019920137e+02
2.511166852008934427e+02
2.458608571018536111e+02
2.406748464563700907e+02
2.354388325059425142e+02
2.301866942257929054e+02
2.249387017760764422e+02
2.196894754127731346e+02
2.144446213954406630e+02
2.091389867023184763e+02
2.038762349770412641e+02
1.986970823875079191e+02
1.934570060597400527e+02
1.882062894626361640e+02
1.829641864168995085e+02
1.777091511222416216e+02
1.724669765452825061e+02
1.671546000344466449e+02
1.619079935021646861e+02
1.567189934476772351e+02
1.514781332569302492e+02
1.462244361922252835e+02
1.409804554518999282e+02
1.357305793466595389e+02
1.305035902521281628e+02
1.253208372577326770e+02
1.200783378098050491e+02
1.148234098119807953e+02
1.095693401888256346e+02
1.043304441262278175e+02
9.908786122520739070e+01
9.383370814895941692e+01
8.859036224823307748e+01
8.333449540311445958e+01
7.808969503419882585e+01
7.283785182034169736e+01
6.765042545274762631e+01
6.240718982932257575e+01
5.716968266462684056e+01
5.191867696216564809e+01
4.667109879744574386e+01
4.136554755741642708e+01
3.611711399849500737e+01
3.085590019449996291e+01
2.568233002078350324e+01
2.042943768233079993e+01
1.517391061051870160e+01
9.927357726653585956e+00
4.675273094920784800e+00
1.510216318494193299e-01
