-3.121598529457572137e-03
-3.042043268661580747e-03
-2.962964836706324240e-03
-2.883530717819308368e-03
-2.804753950052620449e-03
-2.725601181016856257e-03
-2.645975526949432503e-03
-2.566053566320864333e-03
-2.486609104236460477e-03
-2.406784920308380205e-03
-2.325526901340952031e-03
-2.245360722195640160e-03
-2.166588195883996197e-03
-2.086459445719160075e-03
-2.006410836731208330e-03
-1.925689324621099926e-03
-1.844463972298659949e-03
-1.763518704832107986e-03
-1.681991837144083740e-03
-1.600794761188603687e-03
-1.521509986166031964e-03
-1.440843092091052043e-03
-1.360582782408359826e-03
-1.281039427451088073e-03
-1.201486845468807902e-03
-1.120985219317560113e-03
-1.042440913051879926e-03
-9.628262718852720684e-04
-8.830215837680961471e-04
-8.034887208311960452e-04
-7.233238066812479501e-04
-6.437295542634480748e-04
-5.630419737936920776e-04
-4.836678305692279937e-04
-4.034910105805600451e-04
-3.227360877105439683e-04
-2.424655092419559805e-04
-1.633419095110559939e-04
-8.351660941059599287e-05
-3.262327058755998279e-06
7.727501660865200247e-05
1.578662341962680060e-04
2.391344475381000081e-04
3.196897243750800553e-04
3.999512246416439976e-04
4.805069479475760231e-04
5.613942488618599378e-04
6.424309680520799443e-04
7.230424999770120693e-04
8.041474545053959493e-04
8.740242357714239152e-04
