4.831020242021407361e-03
4.749737399678376736e-03
4.669100740794604291e-03
4.587208833162706965e-03
4.506375797585893996e-03
4.424442457447168471e-03
4.342926789706709305e-03
4.260953207222932873e-03
4.179076102228122987e-03
4.096649514418357688e-03
4.013474761162153653e-03
3.931314992745543746e-03
3.850070086809123833e-03
3.768204213966076452e-03
3.686438761022878177e-03
3.603854179237348573e-03
3.520638291014761747e-03
3.438211108124106935e-03
3.355090804769155204e-03
3.272969493454933737e-03
3.191371927707262277e-03
3.108510410153478981e-03
3.025793497255480427e-03
2.942999893308040349e-03
2.859975249205834198e-03
2.777438497046677383e-03
2.694878685503110383e-03
2.612070725229247506e-03
2.528952207116959543e-03
2.445657321906490565e-03
2.362839542797975229e-03
2.279132861613009792e-03
2.195650005227044437e-03
2.112097301221848959e-03
2.028111006404635045e-03
1.945002976592998239e-03
1.861295551556923188e-03
1.778157172619997985e-03
1.694753238836803214e-03
1.611210502436482249e-03
1.527620457105565138e-03
1.442843969254198029e-03
1.358131824523846169e-03
1.273499123092041970e-03
1.189347395787963921e-03
1.105336033188343082e-03
1.021188768990925104e-03
9.368172336838420785e-04
8.523158219729531091e-04
7.672423143733630730e-04
6.928474589238221371e-04
