7.495232469780539883e-04
7.025729949555361946e-04
6.563448792115050357e-04
6.092766665965230555e-04
5.631583942072171259e-04
5.178382920388891223e-04
4.713181046763960532e-04
4.249773157149421389e-04
3.791787433404390957e-04
3.322274487369270002e-04
2.854802021279551180e-04
2.392979599476600136e-04
1.937368726295760372e-04
1.472989002254670044e-04
1.004708535894599980e-04
5.426671720829100555e-05
7.857192371304000430e-06
-3.851338461855001693e-05
-8.528394035974500411e-05
-1.315384185089100088e-04
-1.771651139595450226e-04
-2.236675029750690498e-04
-2.696426438879129901e-04
-3.165384582885300609e-04
-3.629062798857570654e-04
-4.092777505164630421e-04
-4.548067412339460575e-04
-5.016904170129900600e-04
-5.483523953906671447e-04
-5.942289379295072034e-04
-6.410481226270651513e-04
-6.877455487585381992e-04
-7.337480201874391726e-04
-7.799884979632560385e-04
-8.270494125112801825e-04
-8.741054865046890944e-04
-9.208324027842782703e-04
-9.665581434293431208e-04
-1.013127704448909313e-03
-1.059669115781637161e-03
-1.105939456055925023e-03
-1.152912570390240109e-03
-1.199028161856990253e-03
-1.245766620997584232e-03
-1.292713298456694060e-03
-1.338983340850698114e-03
-1.385693426894241218e-03
-1.431971660996055181e-03
-1.477956929838554999e-03
-1.524534608095860040e-03
-1.564245847926681041e-03
