-2.965755412679840428e-03
-2.912061486324003714e-03
-2.859758883812544422e-03
-2.806567714730811691e-03
-2.755028473034620232e-03
-2.702215078655151401e-03
-2.649292250130936069e-03
-2.596715057933368046e-03
-2.544387235724376167e-03
-2.491496694364552129e-03
-2.438091418234155944e-03
-2.385207349186088330e-03
-2.333154191057592534e-03
-2.280622305042316004e-03
-2.227728118357480067e-03
-2.175087244563783748e-03
-2.122823327134083522e-03
-2.070100619513588064e-03
-2.016467473372747770e-03
-1.963528501266336140e-03
-1.911722481294775983e-03
-1.858972098961944076e-03
-1.806037739307587943e-03
-1.753771962018187873e-03
-1.701043526029816016e-03
-1.648458224843956169e-03
-1.596389741471532101e-03
-1.543654014833136011e-03
-1.490383020573080204e-03
-1.437152794437648179e-03
-1.384883595006400001e-03
-1.332517385293200199e-03
-1.279127731984284078e-03
-1.226019512645172040e-03
-1.173111711787331885e-03
-1.120119696482275865e-03
-1.067556788007204081e-03
-1.015522302870096013e-03
-9.621689540225238568e-04
-9.090943609467880228e-04
-8.562650461682878768e-04
-8.029982179939600942e-04
-7.497435161048760476e-04
-6.970539883814279129e-04
-6.436897779532080614e-04
-5.908946845931880307e-04
-5.382279215524679713e-04
-4.854876568564040623e-04
-4.325997193001599990e-04
-3.794426228481320284e-04
-3.338743491272080552e-04
