-3.874784776115600078e-05
-3.680153892251000731e-05
-3.534780063227201314e-05
-3.404810231553101702e-05
-3.261684835201899901e-05
-3.100184830122300512e-05
-2.988999089948100315e-05
-2.834892110179400355e-05
-2.685304331179800446e-05
-2.582494374968099930e-05
-2.447521408340400109e-05
-2.323976733608200287e-05
-2.203797262743600139e-05
-2.144295693474000122e-05
-2.036222022363200668e-05
-1.959968885168600271e-05
-1.903423036995099794e-05
-1.867075857168500549e-05
-1.785640901629100021e-05
-1.750604066671299983e-05
-1.677611901366100040e-05
-1.641473185495900253e-05
-1.595164406609900063e-05
-1.564073496541100295e-05
-1.527912445247000094e-05
-1.475014716310500129e-05
-1.415207896247600045e-05
-1.390899509903099913e-05
-1.362712204941300075e-05
-1.330400291699299706e-05
-1.274799976470899639e-05
-1.243537828152199916e-05
-1.188145976880199985e-05
-1.141383044374899851e-05
-1.143497464504100066e-05
-1.082521757257099839e-05
-1.052316819002999885e-05
-9.994116449251997817e-06
-9.730558447231998294e-06
-9.421138374803997710e-06
-9.081044320219997968e-06
-8.412545082892998230e-06
-8.161643821082999444e-06
-8.013038800734998771e-06
-7.285127335833998468e-06
-7.061549742594999442e-06
-6.687431392270000297e-06
-6.504206464876999349e-06
-5.688963492526999544e-06
-5.658140607544999321e-06
-5.123579462205001235e-06
