-2.915159415514005752e-06
-2.697133949811005873e-06
-2.699517555859004057e-06
-2.975866882049004770e-06
-3.197542244513006158e-06
-3.064581719648007441e-06
-3.230912729185007418e-06
-3.151285389644007249e-06
-3.132514492016006513e-06
-2.989051203002006638e-06
-2.972887374489005770e-06
-3.168938971937005924e-06
-3.150019098931006043e-06
-3.207300131772006930e-06
-3.345400307178007078e-06
-3.182644706713006071e-06
-3.247746946899006982e-06
-3.287746835892008328e-06
-3.437094652337006632e-06
-3.506517178485007322e-06
-3.290949806519006471e-06
-3.491023739173005996e-06
-3.405809822957005265e-06
-3.596274843730006128e-06
-3.408118941316006841e-06
-3.477839418220007093e-06
-3.760594685664008326e-06
-3.581824232064007289e-06
-3.664580054543007722e-06
-3.721488648939007781e-06
-3.627559673110007071e-06
-3.788900007484007727e-06
-3.688788553468007757e-06
-3.668155463615007116e-06
-3.819439959974007439e-06
-3.740929935768007636e-06
-3.609906090817007973e-06
-3.750762310716007981e-06
-3.849160547885008462e-06
-3.741525837280008876e-06
-3.793890682647007896e-06
-3.932512271876006748e-06
-3.840668951339008049e-06
-3.844765774234007840e-06
-3.958061549203007984e-06
-3.843499483521007057e-06
-3.884616687849007499e-06
-3.974970254606008815e-06
-3.891171604481008011e-06
-3.934076513345007515e-06
-3.885361564739007461e-06
