6.193162073714979253e-07
6.993914534464981132e-07
7.092611930789979714e-07
4.424802685974979890e-07
6.159269760259980079e-07
6.338042402659978849e-07
7.321664378864979759e-07
6.208804679924980826e-07
7.668408816519980750e-07
6.262436472644980775e-07
7.755188036684980402e-07
7.863568951139980563e-07
5.855356268179980371e-07
5.703771965144980252e-07
4.956278854109979645e-07
4.860188558819980266e-07
6.205452692879981094e-07
4.425547571984980948e-07
5.840830990984981179e-07
4.552178193684980297e-07
5.674721410754981868e-07
4.392400144539980186e-07
3.698538826224980586e-07
4.829275789404980031e-07
4.959630841154980436e-07
2.048243871069979787e-07
7.093356816799980242e-07
8.326515606354980383e-07
6.790933096739980532e-07
9.802507235169980291e-07
9.540307359649980543e-07
6.711602736674980873e-07
6.078449628174980422e-07
7.215890565444980919e-07
7.432652394354980182e-07
6.089250475319982264e-07
8.063943287829980900e-07
7.584236697389980301e-07
4.227780336329979814e-07
6.991307433429980870e-07
5.714200369284980242e-07
5.675838739769980014e-07
4.926483413709981791e-07
5.612895871924979280e-07
6.685531726324980369e-07
5.389430068924981612e-07
4.898550188334981553e-07
6.187947871644980846e-07
7.701183800959980718e-07
7.671760803564979423e-07
7.115330954094979427e-07
6.117928586704979854e-07
7.601369075619978696e-07
7.072872451524979997e-07
7.570456306204981638e-07
8.091131627194981668e-07
6.649777197844980403e-07
6.154428001194979290e-07
6.253497840524980783e-07
6.593165861084980457e-07
5.193152605289980477e-07
5.597253265714979824e-07
4.691844320559979898e-07
5.164846936909980504e-07
3.313060316049981221e-07
6.918308604449980940e-07
7.674367904599980744e-07
