3.458334598545504832e+02
3.405828475738126713e+02
3.352773365700959403e+02
3.300062767913805715e+02
3.247623422483030708e+02
3.195116956921878568e+02
3.142623098738678209e+02
3.090028888211348317e+02
3.038215604902526366e+02
2.985684714409383105e+02
2.933168025844358340e+02
2.880568554791713041e+02
2.828109970442571921e+02
2.775592119495183283e+02
2.723033346727630715e+02
2.670568041424049852e+02
2.618152495027069904e+02
2.565643659994173618e+02
2.513120131256005436e+02
2.460534415061338791e+02
2.408610198748403093e+02
2.356239925654283809e+02
2.303730092164741450e+02
2.251255651727963425e+02
2.198650607200903835e+02
2.146216909756232383e+02
2.093029854418363982e+02
2.040444197833049600e+02
1.988593688483889537e+02
1.936121334374432195e+02
1.883672376935642774e+02
1.831174405707153312e+02
1.778538066270281774e+02
1.726149150351317871e+02
1.672932424458479943e+02
1.620464898706536303e+02
1.568584048197196807e+02
1.516123273204369468e+02
1.463537601716717234e+02
1.411032984045477008e+02
1.358479754947663025e+02
1.306224438488918906e+02
1.254304543854005090e+02
1.201826109590641067e+02
1.149221571743073724e+02
1.096722244401825748e+02
1.044311302827288870e+02
9.918612277131495603e+01
9.392272875526968789e+01
8.867027901625576192e+01
8.342006313770886550e+01
7.817808974231287777e+01
7.291485667151808059e+01
6.772547064647626769e+01
6.248254350144790692e+01
5.723417849328131268e+01
5.198110136583733265e+01
4.672276967401258929e+01
4.141335574797221852e+01
3.616668811610445289e+01
3.090954116015114295e+01
2.571852332909771732e+01
2.047707747646712306e+01
1.522020919423452234e+01
9.972373219067121042e+00
4.710658696515098498e+00
1.991084961259111386e-01
