-7.845465605005799291e-05
-6.214198274508799847e-05
-4.657063392916799868e-05
-3.032228935903199691e-05
-1.447878051112199933e-05
1.343930324774001821e-06
1.754041008498600349e-05
3.376382680530200020e-05
4.959275100078000542e-05
6.587632941237800811e-05
8.174372434922000223e-05
9.846659100383999897e-05
1.144367482111340002e-04
1.306261216738600125e-04
1.463652684042400216e-04
1.620686976184599823e-04
1.783506017714880259e-04
1.946589964156680255e-04
2.107564344800280046e-04
2.269903804264620270e-04
2.429077054744360276e-04
2.592146863002679877e-04
2.758631042571419801e-04
2.919327124234940684e-04
3.073265526252479899e-04
3.233428821633279639e-04
3.399321429840620199e-04
3.564639209272260308e-04
3.727648372164600425e-04
3.885089695168040527e-04
4.043712672664439970e-04
4.202139203821960854e-04
4.366579299705460092e-04
4.523691723914259957e-04
4.685240189218640235e-04
4.852850214661340051e-04
5.017055170230120447e-04
5.176118291701700940e-04
5.334992035926140090e-04
5.494661611057520849e-04
5.654770958106618067e-04
5.814385840791380135e-04
5.974616478572439575e-04
6.137250979602559787e-04
6.292862896075179313e-04
6.456455073007340024e-04
6.622753223846079796e-04
6.779440758435560307e-04
6.943261006590699391e-04
7.104028523286540046e-04
7.262236656715039375e-04
7.426641035082379811e-04
7.589002073879401152e-04
7.754606337555240312e-04
7.902006573828199631e-04
8.071009582401140418e-04
8.233287280327119314e-04
8.395886807955999604e-04
8.554461790040060031e-04
8.720409462751478992e-04
8.880691072404561098e-04
9.047063262677839703e-04
9.202808747778599497e-04
9.367858645839040191e-04
9.523421822784400737e-04
9.690753921304480272e-04
9.823235769603820382e-04
