5.933649555920388757e-03
5.824817690934746411e-03
5.713578916019348454e-03
5.602726491832297692e-03
5.492551559116170927e-03
5.382368695337481392e-03
5.272640024521821518e-03
5.161639553833623911e-03
5.052013763421049630e-03
4.941921343543590438e-03
4.831175225382892957e-03
4.720502162361846742e-03
4.610322053975783943e-03
4.499361871595997965e-03
4.387776401265058857e-03
4.276715721524457746e-03
4.166226450638639556e-03
4.054726807064527871e-03
3.944095335578134617e-03
3.832864231080050123e-03
3.722307713720118382e-03
3.611578686440715738e-03
3.500313139534793130e-03
3.388688237301259749e-03
3.276597971594048288e-03
3.165018086518434689e-03
3.052945209572801005e-03
2.941365138322010134e-03
2.830564172954020720e-03
2.719064380439767999e-03
2.607139401055140124e-03
2.495010783261363517e-03
2.382978715914637908e-03
2.271504876220128283e-03
2.157610870923224941e-03
2.045238214706781438e-03
1.934175747684475965e-03
1.822441039331253046e-03
1.710131347559839567e-03
1.597398889195359144e-03
1.484459590208676025e-03
1.372450385173747817e-03
1.261184168037186209e-03
1.148260358825271268e-03
1.035720777944680636e-03
9.224115861153405491e-04
8.096805426822090796e-04
6.965243123787029974e-04
5.836787712114090967e-04
4.708797366034545582e-04
3.573302670900330830e-04
2.443223439329234785e-04
1.307080482226965026e-04
1.807169348484149906e-05
-9.503054601718952750e-05
-2.086466662441559760e-04
-3.226343548903770424e-04
-4.363841116597530598e-04
-5.512132004031675267e-04
-6.655498930371302278e-04
-7.795983864963227381e-04
-8.920715028385457898e-04
-1.005699463806800781e-03
-1.120236592636860307e-03
-1.234260138622267572e-03
-1.346860859431149148e-03
-1.443568885152885124e-03
