-8.645823029848391517e-03
-8.525309366092746408e-03
-8.403228435765104989e-03
-8.281489050072771835e-03
-8.159848274141730945e-03
-8.039015904827891482e-03
-7.917427167771258142e-03
-7.795971410683174598e-03
-7.675542630924237809e-03
-7.553640619099734506e-03
-7.431808426408371103e-03
-7.309781469209222261e-03
-7.187719881422459725e-03
-7.065819803852047519e-03
-6.943486936929442466e-03
-6.820768483893834347e-03
-6.698959502251525949e-03
-6.576250608894776244e-03
-6.453670492223654090e-03
-6.331377500693018308e-03
-6.210413378918032933e-03
-6.088913505957864632e-03
-5.966756432974104629e-03
-5.843814833971689576e-03
-5.720915974545183295e-03
-5.598522178618806251e-03
-5.474354150933017672e-03
-5.350973141477882548e-03
-5.229966280126990136e-03
-5.107075157716834367e-03
-4.983813216479692811e-03
-4.860600710313376337e-03
-4.737862542764948240e-03
-4.615229308500794561e-03
-4.490075889948752334e-03
-4.367116436293217580e-03
-4.245396095564212165e-03
-4.122381924836304376e-03
-3.999192480930269071e-03
-3.875935152145181927e-03
-3.752335720766878345e-03
-3.629229375392237569e-03
-3.506509843638004175e-03
-3.383240760539614391e-03
-3.259615030745152079e-03
-3.135702510584949514e-03
-3.011918209152465893e-03
-2.888477684186929739e-03
-2.764671919973507759e-03
-2.641281722811454451e-03
-2.516557336695008241e-03
-2.392642249928419920e-03
-2.268243078879115561e-03
-2.146135478163376051e-03
-2.021581789970196188e-03
-1.897288705318179959e-03
-1.773318343521308044e-03
-1.648531540513329795e-03
-1.523724279048651762e-03
-1.399866661946794081e-03
-1.275403995287331975e-03
-1.152965302347798210e-03
-1.028820857683005949e-03
-9.044428890342819409e-04
-7.800579645102799281e-04
-6.552328111952879751e-04
-5.482971275738799527e-04
