1.386634488201493208e-03
1.372786769974955728e-03
1.358998076333996566e-03
1.345686637565213749e-03
1.331742850967819556e-03
1.317905621041933015e-03
1.304102682652217649e-03
1.290039879877223584e-03
1.277256240663541013e-03
1.262905232775977460e-03
1.249298410731413756e-03
1.235520354161327586e-03
1.221488160859510131e-03
1.207374478668591950e-03
1.193380705276606392e-03
1.179761386533393925e-03
1.166359569854746132e-03
1.152335670492805149e-03
1.138389763919747623e-03
1.124778664731301142e-03
1.111041445587154092e-03
1.097102196481531105e-03
1.084127610687911532e-03
1.070320878657535441e-03
1.056411011670757181e-03
1.042811107441516012e-03
1.029015198444790209e-03
1.015490571947881386e-03
1.001895874676410119e-03
9.878644252257027126e-04
9.741589685239526947e-04
9.605155490047766458e-04
9.469379975013910745e-04
9.324429428463760746e-04
9.185385803578121483e-04
9.045349509386186714e-04
8.909859633178571865e-04
8.771326290154391045e-04
8.632897830136720702e-04
8.498180443306841032e-04
8.355935655169314949e-04
8.222896768369151012e-04
8.083332447706511768e-04
7.945163963651786284e-04
7.809204717393761295e-04
7.674801979583410890e-04
7.533358691016911642e-04
7.397408742897762252e-04
7.256298699628541300e-04
7.121031234902815404e-04
6.976998972547960448e-04
6.837875383667997532e-04
6.702546179300141339e-04
6.567316650981027022e-04
6.424183332692605646e-04
6.286759443598990710e-04
6.147357654403886327e-04
6.003139801197085890e-04
5.865303074737420342e-04
5.725182725370056005e-04
5.587976412726117096e-04
5.445329944989191120e-04
5.309297801322386198e-04
5.173556131514035067e-04
5.029705740755575352e-04
4.889853549713365534e-04
4.770946346300980489e-04
