-3.571528081100502716e-06
-3.677658570332002417e-06
-3.596729884401002123e-06
-3.720579809926501502e-06
-3.671367425933500620e-06
-3.617017894443501960e-06
-3.667421501044501621e-06
-3.631908177043503427e-06
-3.632652691173503246e-06
-3.753524560179002078e-06
-3.756428165286002516e-06
-3.971034363258501751e-06
-3.866243999461001471e-06
-3.735172286874499991e-06
-3.968838046575000019e-06
-3.586306686581000419e-06
-3.833075894969500144e-06
-3.683316877720001382e-06
-3.899225975420001889e-06
-3.777237335219503117e-06
-3.703679339175501329e-06
-3.640283961006001498e-06
-3.571639758220000126e-06
-3.816659358402998350e-06
-3.697797677548498225e-06
-3.753040625994499040e-06
-3.697015937711999834e-06
-3.994858815418501895e-06
-3.769717742506501427e-06
-3.776865078154500878e-06
-3.847780049037001550e-06
-3.926214612632501370e-06
-3.818557869434498800e-06
-3.960127231253999551e-06
-3.931426211542499681e-06
-3.860213435007998996e-06
-3.919141728397499064e-06
-4.283618620739000826e-06
-3.845881538005499406e-06
-3.978963438742999593e-06
-4.024267123553500471e-06
-4.068714617114498190e-06
-4.193830216660998998e-06
-4.169484604609996821e-06
-4.063465792497998342e-06
-4.226663289793998352e-06
-4.269435626562498912e-06
-4.106126452146998528e-06
-4.322147226966498140e-06
-4.115544555891498549e-06
-4.386808279156998552e-06
-4.200530843830998641e-06
-4.415844330226997006e-06
-4.524394490380996649e-06
-4.337409766631498033e-06
-4.623377643964499442e-06
-4.458467764169499043e-06
-4.495432890723998727e-06
-4.643330622648498154e-06
-4.429543390218997576e-06
-4.452325522596998735e-06
-4.424852951199997910e-06
-4.598548097728998462e-06
-4.452660553955499014e-06
-4.569028112474497817e-06
-4.429841195870998859e-06
-4.378655849433501654e-06
