-9.974405270881752078e-05
-9.628566379623651440e-05
-9.268779668600301853e-05
-8.957007721906351169e-05
-8.654122156510102065e-05
-8.381344515007651424e-05
-8.139773490811750883e-05
-7.923461241955751086e-05
-7.705473020097250696e-05
-7.526117838138602061e-05
-7.320073717211250045e-05
-7.148658922899999650e-05
-6.965601702798050526e-05
-6.784894569284051621e-05
-6.621207872706551169e-05
-6.430776371393602422e-05
-6.304631470072101409e-05
-6.134494139627201287e-05
-5.992934011067151400e-05
-5.833366483691350738e-05
-5.710175019238701268e-05
-5.553836533181051458e-05
-5.420693513478001141e-05
-5.318809252463800922e-05
-5.195103822957050800e-05
-5.063882585630201063e-05
-4.923979808150401430e-05
-4.810594647954601121e-05
-4.684043788728051145e-05
-4.548364463214550618e-05
-4.424424397487451525e-05
-4.312368842540301487e-05
-4.169021009444251691e-05
-4.066365800848900495e-05
-3.927420190172750474e-05
-3.809517351639100734e-05
-3.694083779995801207e-05
-3.587097112285100571e-05
-3.451671044914201387e-05
-3.331716070548600736e-05
-3.224956590289351104e-05
-3.117537893982451168e-05
-2.990156497023550896e-05
-2.871687552053500846e-05
-2.746775421984950786e-05
-2.629654704185801006e-05
-2.513319831505600848e-05
-2.390336932582151028e-05
-2.279462007505650930e-05
-2.162192314328501157e-05
-2.045172154909500695e-05
-1.923880126526350789e-05
-1.806439111664500687e-05
-1.704394702118950476e-05
-1.584126879459551196e-05
-1.470946560408500876e-05
-1.348671294530550851e-05
-1.240958371852100760e-05
-1.149398104533300861e-05
-1.030672177036200825e-05
-9.493427938015507419e-06
-8.460171960052007659e-06
-7.466580676481008416e-06
-6.475447486647007352e-06
-5.503457632886007006e-06
-4.519289041973507281e-06
-3.736311699050007871e-06
