7.027061961909979777e-07
6.644190552769980144e-07
5.263171890229981468e-07
4.724619304999980396e-07
6.446050874109980334e-07
5.374904791729980302e-07
5.553304991124980396e-07
4.284019230084980025e-07
5.185703745189979425e-07
4.973411232339980158e-07
3.709339673369979782e-07
5.498183426384980449e-07
4.883652468134980509e-07
2.607653264579980309e-07
2.957749689279980503e-07
4.397986789614979386e-07
7.580139824334980040e-07
5.271365636339980931e-07
4.984584522489980677e-07
7.351832262269980524e-07
5.383098537839980824e-07
5.792040957329980961e-07
6.322027353444979659e-07
7.079948868619980255e-07
5.751817112789981000e-07
6.959277334999981430e-07
4.270238838899980303e-07
7.397642751884980745e-07
8.883317898829981173e-07
6.650522083854980932e-07
4.677319043364980177e-07
5.243804853969979369e-07
5.806193791519979359e-07
5.971186042734979466e-07
5.362241729559979785e-07
6.425938951839979824e-07
4.853484584729979743e-07
7.015888671759980317e-07
5.270620750329980402e-07
7.417382231149980461e-07
4.066140072159979969e-07
8.762273922204979436e-07
7.954072601354980741e-07
6.849406648524980212e-07
7.090377272759981304e-07
5.792040957329979902e-07
4.991660939584979876e-07
4.180852517699979859e-07
6.116811257689979591e-07
6.991307433429979811e-07
7.001363394564980066e-07
7.175666720904980958e-07
6.933206324649980925e-07
6.655363842919980662e-07
5.800234703439980424e-07
6.572681495809981271e-07
4.954416639084979911e-07
5.251998600079978832e-07
4.380109525374979403e-07
5.940645716324980024e-07
6.013272102299979161e-07
6.339904617684980700e-07
4.851994812709980804e-07
4.835234877484980026e-07
4.410277408779980169e-07
4.716053115884979081e-07
4.786072400824980073e-07
4.830765561424978971e-07
4.969686802289979632e-07
4.864657874879980262e-07
5.014007519884978795e-07
