1.985347561126953320e-01
4.700753112442772164e+00
9.962475086163797400e+00
1.521198161342162791e+01
2.047090641829900193e+01
2.572101201954465566e+01
3.089773999868450360e+01
3.615941577515771144e+01
4.140964208534122548e+01
4.672289336341803079e+01
5.197879448391406498e+01
5.723013846944799354e+01
6.247858991117502114e+01
6.773089360727649932e+01
7.291843025217183083e+01
7.816917218325031058e+01
8.342542201845567718e+01
8.867452767282115644e+01
9.391842346981987077e+01
9.917546312893952631e+01
1.044263883587755117e+02
1.096721275749855238e+02
1.149315963152001103e+02
1.201843545326107687e+02
1.254271997147800732e+02
1.306186318308300542e+02
1.358555324703689564e+02
1.411083890432104511e+02
1.463579834942624984e+02
1.516094556399032740e+02
1.568575196208421403e+02
1.620384470788319788e+02
1.672996519414242016e+02
1.726164142103351651e+02
1.778605096986631224e+02
1.831168563990655116e+02
1.883740286889934339e+02
1.936227886091172081e+02
1.988649453032706447e+02
2.040526428934164755e+02
2.093165450791876765e+02
2.146253733433444495e+02
2.198770064342356818e+02
2.251336780056065834e+02
2.303860800571389404e+02
2.356336060636758134e+02
2.408793035533394118e+02
2.460693184570450569e+02
2.513285606817219389e+02
2.565750465050660409e+02
2.618343572804977839e+02
2.670687573077192951e+02
2.723279727081878150e+02
2.775754629491134438e+02
2.828312642239448564e+02
2.880831402229455307e+02
2.933476161487300828e+02
2.985935327027622748e+02
3.038547062704447512e+02
3.090251558945828378e+02
3.142908031441345429e+02
3.195484463479433543e+02
3.247922050434324888e+02
3.300424537071230020e+02
3.353107192974622421e+02
3.406205236647584798e+02
3.458699422682220757e+02
3.510638347602767340e+02
3.563216016534909727e+02
3.615791211678944705e+02
3.668257664462552725e+02
