-5.432281543559180047e-04
-6.462999050561881158e-04
-7.667719451517480663e-04
-8.870956428376359495e-04
-1.008272681351078150e-03
-1.128279458944085904e-03
-1.247426646580948118e-03
-1.368212110233151977e-03
-1.488526025057018091e-03
-1.611447649166253965e-03
-1.731962019668585855e-03
-1.853876901722212051e-03
-1.975114608859068234e-03
-2.096320289211890588e-03
-2.216225778845636041e-03
-2.337923578075077821e-03
-2.460138492695508258e-03
-2.581575539595009749e-03
-2.703882740453754201e-03
-2.826527654636824469e-03
-2.948613866966013838e-03
-3.071253164372790036e-03
-3.193614263965639712e-03
-3.315378497383566093e-03
-3.437801827881978561e-03
-3.558839004945980097e-03
-3.681549683768042293e-03
-3.803817790375892040e-03
-3.926604165487744373e-03
-4.049478660752182588e-03
-4.172904530023282058e-03
-4.294164927448478747e-03
-4.416889146049156507e-03
-4.541777013833232617e-03
-4.664790849786394286e-03
-4.787822056829154835e-03
-4.912143374151417205e-03
-5.035357256613910530e-03
-5.158569688385838785e-03
-5.281199240127786021e-03
-5.404877417965789355e-03
-5.530171032742016088e-03
-5.653451163407025200e-03
-5.777627262883911277e-03
-5.901702111598728512e-03
-6.025320364757195610e-03
-6.149763540087001962e-03
-6.272553337340702403e-03
-6.397813623431105809e-03
-6.521394456212409665e-03
-6.645386057607055932e-03
-6.770003799368305188e-03
-6.894589997909040570e-03
-7.019435907258284209e-03
-7.143965268486588381e-03
-7.268829367263698708e-03
-7.393840134576750399e-03
-7.519093836763817221e-03
-7.644228805507633992e-03
-7.767219802383680885e-03
-7.893024841380213985e-03
-8.018860196089857076e-03
-8.144195211343008972e-03
-8.269214422419098390e-03
-8.395129974279005869e-03
-8.522190083798295360e-03
-8.648814948950589443e-03
-8.774026209139300370e-03
-8.902484561181049985e-03
-9.031160888779638310e-03
-9.161494946526030358e-03
