-1.449351188285751121e-03
-1.356366740584085935e-03
-1.247900151296698831e-03
-1.137933883719512975e-03
-1.028095741899483174e-03
-9.179214794139947588e-04
-8.089777976167455498e-04
-6.987192350108850907e-04
-5.881026203036565994e-04
-4.761286396123111191e-04
-3.652273258236495598e-04
-2.546317489114785764e-04
-1.448222780687835110e-04
-3.352511861772150217e-05
7.549262366513700517e-05
1.862647691156489940e-04
2.976257121825225203e-04
4.086644232521790621e-04
5.195052673431885693e-04
6.311442444201405266e-04
7.416665055474120759e-04
8.530220495341381227e-04
9.642227702432550670e-04
1.076118408419908610e-03
1.187300697786453042e-03
1.297947137757117161e-03
1.408784779635073679e-03
1.520330147832778863e-03
1.631965177995967770e-03
1.744381324733875784e-03
1.855814280359406382e-03
1.966613570150797970e-03
2.078666600822510081e-03
2.191526030658045611e-03
2.303898798579595650e-03
2.416370611695576719e-03
2.528795024611365377e-03
2.641300423729367203e-03
2.753401152481554665e-03
2.864292598985808489e-03
2.977692830476945992e-03
3.091253172620733649e-03
3.204580125562006814e-03
3.317559266036675201e-03
3.429709107800686749e-03
3.542624874244934118e-03
3.655562907240409755e-03
3.768030326622201845e-03
3.881680628611757031e-03
3.994297286015832497e-03
4.108162769275542844e-03
4.222029071706033879e-03
4.335456298597909104e-03
4.449122276537409090e-03
4.562503257515194803e-03
4.676633593582415344e-03
4.790649543620580965e-03
4.904951905551811764e-03
5.019437910678129118e-03
5.131606295489820474e-03
5.246357004483508286e-03
5.361739331384381656e-03
5.475905934376180256e-03
5.590827887298131273e-03
5.705532536552904675e-03
5.820835292182914913e-03
5.935969708217429287e-03
6.050379269815864790e-03
6.167288307642310001e-03
6.285310635795168799e-03
6.403530719221567878e-03
