9.823127872940419676e-04
9.684301700833159712e-04
9.522992840533020227e-04
9.361420191493738689e-04
9.202489150420460704e-04
9.040101695543779296e-04
8.878493328988339497e-04
8.714443893437839655e-04
8.554825290178480479e-04
8.394023172138860697e-04
8.230856628940939846e-04
8.071525998155620191e-04
7.903762312981940001e-04
7.746459767411080456e-04
7.584101333016280344e-04
7.422895160575100192e-04
7.264506579278500169e-04
7.101820734318899748e-04
6.942865509510719960e-04
6.779193712282120419e-04
6.618808298597699848e-04
6.459401396033079843e-04
6.301841386699899832e-04
6.140289200820919736e-04
5.978024524906040476e-04
5.814621725221020025e-04
5.651010201300940257e-04
5.492454566204801056e-04
5.336771214699860674e-04
5.169081568960720401e-04
5.008794006388279669e-04
4.853299288015560666e-04
4.696712580997739850e-04
4.530527163569380276e-04
4.366740028528179850e-04
4.204838852751719954e-04
4.040666266181959878e-04
3.882700714217379571e-04
3.717469252116459592e-04
3.554845540752680209e-04
3.396950307648039999e-04
3.237005037938799935e-04
3.077080603447321025e-04
2.910050615584759779e-04
2.750628458664280246e-04
2.591326848360839719e-04
2.426672819437840063e-04
2.266249827949960239e-04
2.108818922555400171e-04
1.942932267267420134e-04
1.778716522032299993e-04
1.619381798614919995e-04
1.464576502715579924e-04
1.299864804886280097e-04
1.139431395789520103e-04
9.804668695448400906e-05
8.131835105520200777e-05
6.588183586278599730e-05
4.928900329043600691e-05
3.304348635699599950e-05
1.666064301507000226e-05
7.093491209980018726e-07
-1.551723008772799839e-05
-3.170105989429999622e-05
-4.763602046587799807e-05
-6.429679073042399162e-05
-7.988715168255000013e-05
-9.579748205027598920e-05
-1.120639830244599973e-04
-1.283230056436980039e-04
-1.448199590086060042e-04
