4.763233726066945354e-04
4.882769855592835966e-04
5.024704829743045168e-04
5.164480404120925898e-04
5.302367340530516433e-04
5.438728266387941315e-04
5.573093067791681223e-04
5.712064167194095144e-04
5.852325848272362093e-04
5.996950216110775349e-04
6.133069762283005488e-04
6.269722277775550100e-04
6.396807380291276131e-04
6.541674243591551153e-04
6.673945104120641500e-04
6.809847073843195613e-04
6.953663991301706421e-04
7.086246897371440649e-04
7.228414696919080885e-04
7.363157746612256560e-04
7.499394821259866258e-04
7.633232604152171644e-04
7.773311669782932004e-04
7.910648900222230903e-04
8.052341006985026459e-04
8.190346587646661408e-04
8.329062546118346649e-04
8.464856657429951393e-04
8.603413059838540666e-04
8.744492977137806192e-04
8.881872979015930682e-04
9.025473435801431403e-04
9.155345376500772028e-04
9.298928724710740995e-04
9.432186303737246898e-04
9.576824060895641668e-04
9.717322658552440687e-04
9.852802492770072924e-04
9.990014384297337194e-04
1.012444092534320631e-03
1.026978980416276164e-03
1.040568024419311153e-03
1.054096667712214105e-03
1.067920545510676108e-03
1.082131077116116075e-03
1.096071665153736888e-03
1.110342113966087708e-03
1.123787074009115899e-03
1.137661310527724508e-03
1.151285278340373908e-03
1.165776985665394234e-03
1.179010617608071323e-03
1.192785959121605730e-03
1.206957773276770129e-03
1.220738284555518980e-03
1.235028780155283902e-03
1.248938238023951462e-03
1.262564288619708952e-03
1.276091183862503812e-03
1.290216098205182764e-03
1.303545649748494295e-03
1.317036133479453997e-03
1.331354672266066037e-03
1.345092226143212869e-03
1.359091169300413087e-03
1.372838430434545134e-03
1.386518559005999688e-03
1.400718007229900721e-03
1.414450465726943594e-03
1.428779976317428192e-03
1.443192017188567235e-03
