-4.460180146668501126e-06
-4.477750680136498045e-06
-4.567017924323499533e-06
-4.367785943135499296e-06
-4.685916830884499501e-06
-4.555180149656499571e-06
-4.508945822183498389e-06
-4.559386654490997893e-06
-4.420832574897998802e-06
-4.456829833083498340e-06
-4.519704051361997831e-06
-4.454037905095999124e-06
-4.411675051098998527e-06
-4.370875676774998948e-06
-4.421055929136998705e-06
-4.438142528420497669e-06
-4.109141734373497647e-06
-4.343514782497498499e-06
-4.282985783728498417e-06
-4.262325516620998458e-06
-4.131663286805998213e-06
-4.234778493810998795e-06
-4.209204433445499267e-06
-4.020097844425498603e-06
-4.281050046990498972e-06
-4.168963444718999023e-06
-4.145920732395498965e-06
-4.466731871012499704e-06
-4.009488518072999380e-06
-3.876629971574499097e-06
-4.000442671393497786e-06
-3.964780444566499374e-06
-3.908122919273499030e-06
-4.312394091863498687e-06
-4.165799259666499685e-06
-4.092315715035500124e-06
-4.101175433182500810e-06
-3.995789458080999657e-06
-3.938983029962001636e-06
-3.924167198775001550e-06
-3.896582950258499503e-06
-3.994486558353499233e-06
-3.961206776742498378e-06
-3.906596665306999549e-06
-4.146516343699500684e-06
-4.123361954256501097e-06
-4.148414854731001133e-06
-3.924465004427003680e-06
-3.975278093799501610e-06
-4.084758896616001557e-06
-3.907862339328000978e-06
-4.110072377036000492e-06
-3.936302779094000254e-06
-4.133673474956999038e-06
-4.013136637310000061e-06
-4.126153882244002007e-06
-3.988679348139502591e-06
-3.804821583736003046e-06
-3.933473625400003737e-06
-3.945869785664503034e-06
-3.788144467224001929e-06
-3.893307088086502331e-06
-3.879719705214002137e-06
-3.997352937754002369e-06
-3.866914062178002028e-06
-3.695303555213002833e-06
-3.781704419999502879e-06
-3.921151916548503277e-06
-3.973193454235503641e-06
-3.944715788763002828e-06
-4.002415633838002156e-06
