-3.986031676422507403e-06
-4.789716596888007026e-06
-5.594407101155008291e-06
-6.690344469412008239e-06
-7.734624625347507435e-06
-8.626018799610509356e-06
-9.685680663324507767e-06
-1.057271730778100822e-05
-1.145982843992651036e-05
-1.273703159936500782e-05
-1.379103239871500822e-05
-1.499073111774900795e-05
-1.605367043977901128e-05
-1.708875136612300586e-05
-1.820483765425450647e-05
-1.954684510312300910e-05
-2.036527858601051136e-05
-2.174181107873050884e-05
-2.303312965523451067e-05
-2.403085500554501055e-05
-2.514831931592300770e-05
-2.645684454858600866e-05
-2.760466259223150765e-05
-2.871184760152751210e-05
-3.000424624952201049e-05
-3.121001571520950991e-05
-3.231675379837151439e-05
-3.371030672802800761e-05
-3.456929875757601119e-05
-3.591093376799950706e-05
-3.712586521943400940e-05
-3.823774295313700684e-05
-3.927390395097151153e-05
-4.086056621436051861e-05
-4.210894263815601247e-05
-4.324484265156151207e-05
-4.451783725657151484e-05
-4.584327119463750815e-05
-4.703459004865901170e-05
-4.832412092062701362e-05
-4.955119386536850856e-05
-5.072485913709701301e-05
-5.211532082766000978e-05
-5.341699319293501108e-05
-5.477538793338351288e-05
-5.606666926604301810e-05
-5.749687013868750945e-05
-5.869753719767851590e-05
-6.023000966732000881e-05
-6.167477288316402313e-05
-6.327417254137200923e-05
-6.494951239851550840e-05
-6.643259953035001060e-05
-6.819259464604200205e-05
-6.999467530601901168e-05
-7.197723963644300533e-05
-7.367969301238250310e-05
-7.549153155961850546e-05
-7.758266169676001050e-05
-7.951606415244400665e-05
-8.172790158961001569e-05
-8.418152606527001239e-05
-8.696632280622401928e-05
-8.989424764159150870e-05
-9.294027270786850902e-05
-9.639579384442300539e-05
-1.000302344099555062e-04
-1.038893298455120226e-04
-1.079241417394195232e-04
-1.119569052218795206e-04
-1.162253849961800297e-04
