8.723167406679977621e-07
7.259838840034981406e-07
1.012429799148997998e-06
8.177165961349980791e-07
8.578287077734981201e-07
1.157906036901998229e-06
1.077830790826998253e-06
9.754462087524980602e-07
9.299336735414981568e-07
9.080712691479981513e-07
9.987238965649980114e-07
9.296729634379981306e-07
1.174070063318998161e-06
9.015162722599980517e-07
8.426702774699980023e-07
9.179037644799979301e-07
8.645326818634980078e-07
9.342167680989979674e-07
9.766007820679980856e-07
7.472876238894981202e-07
8.574935090689980410e-07
