1.553328782344413628e-01
4.667909849712215120e+00
9.911774351801122762e+00
1.516328077281930398e+01
2.041245199747201156e+01
2.565840878781690648e+01
3.083692206704983008e+01
3.609572020205415299e+01
4.134291388645351617e+01
4.664504951061194049e+01
5.190562251407273919e+01
5.715578623443662565e+01
6.239611292148298816e+01
6.763763924673882855e+01
7.282179604137446916e+01
7.808205758597094359e+01
8.332055426591021785e+01
8.856913833844549799e+01
9.381694897963828339e+01
9.907010359923991416e+01
1.043099250970278860e+02
