5.750038138285151409e-04
6.495620189818121200e-04
7.336756611090581616e-04
8.172416428565666083e-04
9.004683541128041552e-04
9.839843862582760455e-04
1.066836866021072605e-03
1.150125242534329097e-03
1.233059062416004114e-03
1.318393512984982136e-03
1.401609884710790579e-03
1.484960224021510339e-03
1.568180240617757671e-03
1.652040861789937174e-03
1.734559463982010032e-03
1.817950120022891834e-03
1.902233211432995813e-03
1.986261459452813918e-03
2.070633329492896184e-03
2.154648151000178834e-03
2.238561474023501897e-03
