-1.559620362876729376e-03
-1.520024737831135626e-03
-1.472975068263832803e-03
-1.427007523298230588e-03
-1.380199285701109611e-03
-1.334698295730322873e-03
-1.288152490663405612e-03
-1.242024797810118309e-03
-1.195854061255792640e-03
-1.148584071983436159e-03
-1.101966775648359140e-03
-1.055685413803563247e-03
-1.008791423919685581e-03
-9.622240597672139864e-04
-9.159267985622596793e-04
-8.695376412896911426e-04
-8.232814503288931338e-04
-7.771654120417172780e-04
-7.304928216789226139e-04
-6.841409739119251382e-04
-6.380448191337062232e-04
