9.619490407473539791e-04
8.945667931333880270e-04
8.158562888003259963e-04
7.379207429506980153e-04
6.590843715789181274e-04
5.800238355874879140e-04
5.025375863265559408e-04
4.233585872398619703e-04
3.439992891080520033e-04
2.642927497488240158e-04
1.846884145738579813e-04
1.054151733325460087e-04
2.646666384232200140e-05
-5.316163183306800400e-05
-1.319793259203560023e-04
-2.114460370408679938e-04
-2.915294334013299681e-04
-3.717751584315900286e-04
-4.523007078775160335e-04
-5.330203224945780690e-04
-6.126115984526980893e-04
