-3.363413042304820447e-04
-3.817278324615219699e-04
-4.345036576750499827e-04
-4.871261188577159849e-04
-5.400699637965420416e-04
-5.929571574089059728e-04
-6.450087532552539358e-04
-6.984159264425440728e-04
-7.509789465091980774e-04
-8.042717011277440362e-04
-8.572378643829698828e-04
-9.101228261636939596e-04
-9.631870040251098953e-04
-1.015619908307152305e-03
-1.067635460072513878e-03
-1.120651839539639916e-03
-1.173194289558011916e-03
-1.226062772981793792e-03
-1.279104744118391996e-03
-1.331572018607690092e-03
-1.384553507106844102e-03
