-4.851273419157500553e-06
-5.444241697995999215e-06
-5.691457614862498324e-06
-6.079051670940498982e-06
-6.118883176895498415e-06
-6.701130452261998326e-06
-7.151003115314498450e-06
-7.465188078174499232e-06
-7.754692397624999252e-06
-8.189228069599497256e-06
-8.496340148224499120e-06
-8.881216727727998553e-06
-9.217439308835999404e-06
-9.745895438309997873e-06
-1.006287232915749787e-05
-1.044034099306749895e-05
-1.096570738890199946e-05
-1.118135590665650065e-05
-1.160531947798499758e-05
-1.201152638731299922e-05
-1.235441236988449987e-05
