-3.534375574171007594e-06
-3.826069364295007947e-06
-3.593928481526507942e-06
-3.498807702673508140e-06
-3.310353849503506750e-06
-3.412699934189507877e-06
-3.398807980191008163e-06
-3.383053833967507274e-06
-3.353854659879507494e-06
-3.470427893164507895e-06
-3.262718972388007488e-06
-3.381675811721006920e-06
-3.271210568934007478e-06
-3.298510306952506932e-06
-3.256722713423508218e-06
-3.248044897655007391e-06
-3.233966724434007686e-06
-3.075345190708506891e-06
-3.274674246472507302e-06
-3.179814174531007063e-06
-3.024023172987507817e-06
