5.047899833339980086e-07
6.942144956769980917e-07
5.374159905719979774e-07
6.969333296134980626e-07
6.352567679854979100e-07
5.196877035339979944e-07
5.595763493694981943e-07
5.551815219104980397e-07
4.596126468274980784e-07
6.437484684994981136e-07
6.503034653874978956e-07
5.326114758074981143e-07
4.941381133909980718e-07
5.597998151724981412e-07
4.383461512419979665e-07
7.559655459059980854e-07
6.063551907974979377e-07
6.636741692669979092e-07
6.880691860944980182e-07
5.325742315069979291e-07
5.027787911069979576e-07
6.486647161654981089e-07
6.863187039709979934e-07
6.479570744559979772e-07
5.843810535024979058e-07
3.578239735609980437e-07
4.213999945144980092e-07
5.090358335909980575e-07
6.012527216289981808e-07
4.573779887974980276e-07
6.609553353304981501e-07
5.360007071529980317e-07
7.812916702459981670e-07
5.574161799404980376e-07
3.045273795454980154e-07
5.581983102509980104e-07
4.987191623524979880e-07
6.983486130324980083e-07
4.612141517489979975e-07
1.873940544729980219e-07
5.303768177774980106e-07
5.245667068994981220e-07
8.073626805959980361e-07
4.882162696114980510e-07
6.435622469969980344e-07
5.317921011964981680e-07
5.224437817709980447e-07
3.408405725329980600e-07
4.104501701674979668e-07
5.547718346049980137e-07
4.741751683229980380e-07
4.551805750679980033e-07
5.692226231989979998e-07
6.224447286134979223e-07
3.888112315769980140e-07
5.074715729699981120e-07
3.823307232899979673e-07
3.644907033504980638e-07
2.491451047019980420e-07
5.393526941979979755e-07
2.916408515724980278e-07
3.003932621899979400e-07
4.091093753494980739e-07
5.902284086809980855e-07
4.019212253529980544e-07
3.546209637179980468e-07
4.323125745609980781e-07
5.336170719209980339e-07
2.933913336959979467e-07
3.490715629434980256e-07
3.538760777079980475e-07
2.951045715189980509e-07
4.376385095324980995e-07
2.952535487209981037e-07
5.386822967889980291e-07
