3.878068784016501240e+02
3.825596534223410004e+02
3.773760196997693583e+02
3.721046901887361287e+02
3.668590239939823050e+02
3.616100777946335825e+02
3.563615116049038534e+02
3.510971429759530338e+02
3.459053114772445383e+02
3.406550181065400125e+02
3.353487187691427494e+02
3.300769854047495642e+02
3.248325084165686576e+02
3.195841150939597810e+02
3.143339886294409666e+02
3.090699329495882353e+02
3.038921454142162588e+02
2.986344604838609484e+02
2.933834056036842526e+02
2.881240471407709265e+02
2.828769920481150280e+02
2.776208897460559797e+02
2.723725008941485157e+02
2.671144597979148898e+02
2.618706906707892017e+02
2.566196879487956153e+02
2.513718519736282246e+02
2.461114935638346992e+02
2.409197261451795669e+02
2.356703984459778098e+02
2.304257038836620382e+02
2.251783820391557924e+02
2.199165676709391448e+02
2.146661401791925812e+02
2.093546294941947679e+02
2.040977403486890296e+02
1.989081844369939347e+02
1.936550357783275729e+02
1.884152753801253652e+02
1.831636214259609403e+02
1.778998533612317203e+02
1.726477791611355315e+02
1.673403979139991122e+02
1.620820736733433591e+02
1.568972030567172737e+02
1.516436639567951659e+02
1.463975462211997751e+02
1.411442738731279292e+02
1.358880001941817568e+02
1.306593733327036091e+02
1.254570759220137148e+02
1.202175778049604418e+02
1.149508963331511637e+02
1.096984942816188493e+02
1.044549874356420816e+02
9.920689066955955582e+01
9.394419408293298090e+01
8.870082731893346306e+01
8.345099890117469954e+01
7.819256289298391494e+01
7.293346522098568130e+01
6.774670200743285875e+01
6.249640416602692738e+01
5.725315513049765315e+01
5.200644577208347386e+01
4.673859148627313687e+01
4.142984667520922670e+01
3.617301713905543181e+01
3.091410425604846068e+01
2.573362684866640748e+01
2.047817279831053483e+01
1.522412850913000071e+01
9.973368695245895310e+00
4.714405144289709249e+00
1.942890800148979191e-01
