1.498355941121056129e-03
1.484035542706669403e-03
1.470351099798776831e-03
1.457044272906875488e-03
1.442880715499032102e-03
1.429125978661244765e-03
1.415399768513525515e-03
1.401380481028466872e-03
1.387881145469297729e-03
1.374002036725918349e-03
1.360327635808010558e-03
1.346412152745352347e-03
1.332216944472778197e-03
1.318540460771762532e-03
1.304868291407184884e-03
1.290886010514848527e-03
1.277078051130140770e-03
1.263188565663776611e-03
1.249532984178951906e-03
1.235558588108381537e-03
1.221509955697033193e-03
1.207424019152518241e-03
1.193386395737597696e-03
1.179955010977327230e-03
1.165574286237918951e-03
1.152117275806909457e-03
1.137990129910900145e-03
1.124581506994595760e-03
1.110663680800940594e-03
1.097135558203814719e-03
1.083326706197774644e-03
1.069418698838771505e-03
1.055315653718726533e-03
1.041780501728611094e-03
1.027471707391539946e-03
1.013500547073298199e-03
9.997553687222742423e-04
9.862324158903625938e-04
9.725367036381536842e-04
9.588192337409770635e-04
9.446718922873315960e-04
9.309924331818761724e-04
9.168157096093856526e-04
9.027169788257785902e-04
8.897379671180545135e-04
8.753766197000620742e-04
8.613878673030685813e-04
8.474200171222661575e-04
8.336554242572711193e-04
8.198396544359080754e-04
8.057816866931291058e-04
7.922056228919636305e-04
7.781265297776607292e-04
7.643298397372690935e-04
7.507835299805036946e-04
7.366807080157915851e-04
7.224660480366911115e-04
7.091525636773556625e-04
6.950591142366295289e-04
6.817307528550942044e-04
6.674164912123646152e-04
6.536650273194610349e-04
6.397917578072951196e-04
6.262933892545689959e-04
6.116351336660202226e-04
5.977665876084025916e-04
5.841920115094569954e-04
5.699827444509041529e-04
5.561672349774295391e-04
5.424576127094635561e-04
5.283825363911544585e-04
5.141724882889360006e-04
5.004281281741331184e-04
4.858725612313194876e-04
4.738309506924175390e-04
