-9.705604899157737470e-03
-9.586195359711596059e-03
-9.466958936006327277e-03
-9.345737781620800863e-03
-9.224831836257231174e-03
-9.102701284872793258e-03
-8.981278112526651716e-03
-8.859627330550427435e-03
-8.739528378310688211e-03
-8.617845457958843436e-03
-8.494327339646624495e-03
-8.372398583039637049e-03
-8.250603587542272230e-03
-8.128407197124456335e-03
-8.006210509129084094e-03
-7.883954380017701644e-03
-7.762940414002755980e-03
-7.640903971519138679e-03
-7.518479450710519041e-03
-7.395391555144102853e-03
-7.272693448973611974e-03
-7.149913174201576703e-03
-7.027440743407083537e-03
-6.904590203135582520e-03
-6.782725574491049216e-03
-6.659344453444331763e-03
-6.536939609951338860e-03
-6.413725839080426996e-03
-6.292375945206466273e-03
-6.169715073427169821e-03
-6.046820826452718387e-03
-5.923990037891230589e-03
-5.800340948258936834e-03
-5.677454810272776140e-03
-5.553064231775286380e-03
-5.429638027729440791e-03
-5.307803863586794783e-03
-5.184801819144130297e-03
-5.061500076909408556e-03
-4.937454390794686516e-03
-4.813515163049192185e-03
-4.690237859370927596e-03
-4.565435173161111818e-03
-4.441812605128140148e-03
-4.319728736222172745e-03
-4.196091884466705488e-03
-4.072027041797072512e-03
-3.947703381051588176e-03
-3.823859378122734277e-03
-3.700173649254349679e-03
-3.577264151430357975e-03
-3.453077859922315789e-03
-3.328865158406534713e-03
-3.204692183493944302e-03
-3.080269652606808066e-03
-2.956082617154886290e-03
-2.831050424258090351e-03
-2.706602599279033742e-03
-2.582820715664159873e-03
-2.458323604403054186e-03
-2.333287803378440023e-03
-2.209951653739267944e-03
-2.085672778415359734e-03
-1.961052618836502028e-03
-1.836688859515886148e-03
-1.711770713215893941e-03
-1.585868663937407917e-03
-1.460284018315324145e-03
-1.335992644734231754e-03
-1.212726053847839941e-03
-1.087983292317558012e-03
-9.634191145156700310e-04
-8.386347665224959695e-04
-7.133555842575400700e-04
-6.055726229511999240e-04
