-2.101177547029220178e-04
-1.936433852258360013e-04
-1.774606343858979780e-04
-1.615891468169959936e-04
-1.455359463846300273e-04
-1.289691950402260129e-04
-1.132868242782419883e-04
-9.720784026389800447e-05
-8.156710273168798413e-05
-6.531269362495399665e-05
-4.922522670052199926e-05
-3.286001888219999649e-05
-1.635800553583599884e-05
-7.476650981079980539e-07
1.510715429658600384e-05
3.127732959437600125e-05
4.751704243144000688e-05
6.355000293798201071e-05
7.969420862506401487e-05
9.596647648987801304e-05
1.121681278487840098e-04
1.283280715664240196e-04
1.439727529077099969e-04
1.606791374168519836e-04
1.768524752030520319e-04
1.920812335098040014e-04
2.086802050302440179e-04
2.249202527190219869e-04
2.407736955011139832e-04
2.576148764280140695e-04
2.733309555958739830e-04
2.895004611902360012e-04
3.056678832628220125e-04
3.220888252886520303e-04
3.384208827872880153e-04
3.540828275947180458e-04
3.700907486342019958e-04
3.862638259801800568e-04
4.024225419082020586e-04
4.180892118453739944e-04
4.342163400950419905e-04
4.510223987977179721e-04
4.671680555088939869e-04
4.831452073964359996e-04
4.997820171605580697e-04
5.149196213896098731e-04
5.313479301531480199e-04
5.473325603956360206e-04
5.634384069585919152e-04
5.803690304988759529e-04
5.955687683237480354e-04
6.116082026300939407e-04
6.276715974368640878e-04
6.443222849442439967e-04
6.605408277118339022e-04
6.767989573931679388e-04
6.927525208377461252e-04
7.088455314183319134e-04
7.252120786435100339e-04
7.412100285430660903e-04
7.576426903788859978e-04
7.730112678791059306e-04
7.890865313188499602e-04
8.056937997206478977e-04
8.216838620020520132e-04
8.378881549689240439e-04
8.534314878581059994e-04
8.701273431411300384e-04
8.866624323956880235e-04
9.021296423285539478e-04
9.191492620132699857e-04
9.351767532751500663e-04
9.513041047592940514e-04
9.674002034167980416e-04
9.812740772772142201e-04
