6.892418469158688443e-03
6.784698777448395189e-03
6.676299658045331889e-03
6.565745114142282866e-03
6.456335845461141747e-03
6.346098953645942266e-03
6.235683408130413691e-03
6.125919922556562029e-03
6.015925579762608673e-03
5.904834181117720078e-03
5.793597007308848995e-03
5.682682139967264005e-03
5.572002076759544412e-03
5.461177653319189765e-03
5.350131011186972513e-03
5.239546232435095784e-03
5.129579108452094957e-03
5.018214516351742621e-03
4.907659711803443424e-03
4.796577845327641872e-03
4.684498489485831689e-03
4.573247091893399043e-03
4.461809668063608514e-03
4.350553355446490009e-03
4.239478265747149630e-03
4.127464294627677249e-03
4.016461329192100478e-03
3.904290524103102861e-03
3.793861797385006916e-03
3.681627990615942390e-03
3.570084595875118623e-03
3.457780936179456581e-03
3.345892186484370531e-03
3.234021309606324637e-03
3.120781635588262999e-03
3.008868124594569517e-03
2.896829057061170096e-03
2.785564515501205880e-03
2.672754868908134088e-03
2.559733317728031619e-03
2.447913676258833132e-03
2.334689231370291884e-03
2.221072627087863557e-03
2.108041767148885817e-03
1.996918346373466671e-03
1.883895603672228322e-03
1.771333681770337820e-03
1.658174286488814332e-03
1.545286260146014855e-03
1.432634564573533878e-03
1.320303574361814071e-03
1.207804170084528098e-03
1.093587448734946801e-03
9.807017681993835008e-04
8.667106911649320646e-04
7.529614929210885115e-04
6.392045125548256098e-04
5.257820517474944477e-04
4.118502528895591291e-04
2.976590003042595242e-04
1.836566038190160053e-04
7.086032460368850167e-05
-4.321319079936000940e-05
-1.568220129593684794e-04
-2.712733150325999853e-04
-3.858642857239920777e-04
-5.016690813376486905e-04
-6.159549853831891532e-04
-7.303647331568025773e-04
-8.437491769928880938e-04
-9.573012157237593056e-04
-1.072786571967861147e-03
-1.186615155307390668e-03
-1.300690755872427112e-03
-1.398292496916234053e-03
