-3.777088432393502052e-06
-3.901273389277501710e-06
-3.774557084351502158e-06
-3.789931301136002003e-06
-3.666639761208002806e-06
-3.900715003680003222e-06
-3.576665228597503035e-06
-3.644825497199003487e-06
-3.772919153265503149e-06
-3.477868203546501998e-06
-3.413207151356002009e-06
-3.877672291356500622e-06
-3.527676198843502057e-06
-3.597176592879001506e-06
-3.733348227256002192e-06
-3.706136235804503231e-06
-3.604584508472502820e-06
-3.814053558948003006e-06
-3.894684439227002441e-06
-3.553696967687001816e-06
-3.871418372664501633e-06
-3.904772605688500479e-06
-3.721584904002000220e-06
-3.892711476782499765e-06
-3.731561393344000000e-06
-3.823359985573001382e-06
-3.789633495484002414e-06
-3.825332948017502364e-06
-3.893269862380003335e-06
-3.665485764306501329e-06
-3.518220869392500076e-06
-3.611769069826999148e-06
-3.699696188579998251e-06
-3.649590387630997756e-06
-3.753785140124499706e-06
-3.684210294676001843e-06
-3.601792580485001486e-06
-3.934292590943000277e-06
-3.793393291840500506e-06
-3.632429336934500801e-06
-3.800652304607999061e-06
-3.723297286500999762e-06
-3.958898782939498812e-06
-3.901422292103498539e-06
-3.807017900419498849e-06
-3.821722054487000678e-06
-3.989647216508499349e-06
-3.817627226772000190e-06
-4.025234991922499770e-06
-3.961653485220499032e-06
-3.988381542487497920e-06
-3.934367042355998268e-06
-3.989051605204497630e-06
-4.093246357697997886e-06
-4.290803182093497577e-06
-4.021996355456999053e-06
-4.110407408394499076e-06
-4.203099417579498801e-06
-4.268095501128499492e-06
-4.305805141812998572e-06
-4.273307100038498650e-06
-4.249222067932997913e-06
-4.400581790561998807e-06
-4.367264783244498110e-06
-4.172350984010498264e-06
-4.255959920809498246e-06
-4.463753814492498734e-06
-4.425039079732498818e-06
-4.412345113815998237e-06
-4.419604126583498063e-06
-4.458281635636997288e-06
-4.565379993237498830e-06
-4.435946211736999324e-06
-4.554547312645998856e-06
-4.349433669831001445e-06
