-1.346938626068400083e-04
-1.299124978499300220e-04
-1.255462902276615179e-04
-1.208473088547855004e-04
-1.163081035748145085e-04
-1.120386554605570198e-04
-1.078904733039915114e-04
-1.039988639921865136e-04
-1.000979064754120264e-04
-9.649404310621400715e-05
-9.294094309706951577e-05
-8.991502970682251441e-05
-8.676878145499601581e-05
-8.378182512609601924e-05
-8.145058392346300952e-05
-7.929349493771201802e-05
-7.720154543599150624e-05
-7.510538737984251163e-05
-7.328680769675201300e-05
-7.152722226334951136e-05
-6.970454575736400617e-05
-6.794369403324851137e-05
-6.617997453310650656e-05
-6.454333103039850881e-05
-6.296262778212950142e-05
-6.151570442330450076e-05
-5.998256156446200789e-05
-5.864148521170600860e-05
-5.719538121746001468e-05
-5.580242418931550787e-05
-5.449918758257150665e-05
-5.328619281105101098e-05
-5.182530301053850765e-05
-5.066597661894251263e-05
-4.933432295884500947e-05
-4.808371190437950895e-05
-4.669768223131200857e-05
-4.554356997794600651e-05
-4.429519355415051265e-05
-4.295687324588751322e-05
-4.176354322426300978e-05
-4.055371417952501056e-05
-3.924135283087851320e-05
-3.812407473972300587e-05
-3.689856603645051762e-05
-3.583115745308051113e-05
-3.459492252259200988e-05
-3.336200229426401184e-05
-3.217991991367850782e-05
-3.090495138491000855e-05
-2.974450767797901020e-05
-2.875452904732450992e-05
-2.753203709545650797e-05
-2.632995477037450836e-05
-2.513230446278801191e-05
-2.389383490162951077e-05
-2.279532770810201265e-05
-2.171253741695351033e-05
-2.049056687890851174e-05
-1.932096118623050708e-05
-1.806766857496100670e-05
-1.696782060303150865e-05
-1.584357791295450845e-05
-1.477289187126850891e-05
-1.354168485978750909e-05
-1.249554251162700999e-05
-1.140061072717150830e-05
-1.039569731487250878e-05
-9.504228652920508562e-06
-8.506019132631508707e-06
-7.519727642582507396e-06
-6.602374508703007648e-06
-5.597386608715007292e-06
-4.654744904420007141e-06
-3.770501548301007820e-06
