-1.478208308187501916e-06
-1.464874848608502088e-06
-1.362117823529002372e-06
-1.336307523282502317e-06
-1.588004506061502128e-06
-1.793444067619502461e-06
-1.795455259846502300e-06
-1.640146526761502290e-06
-1.443459375821002082e-06
-1.503310966724502474e-06
-1.578358232232002217e-06
-1.514782211278501934e-06
-1.476718536167502129e-06
-1.505769090557502207e-06
-1.556756537942002132e-06
-1.368821797619002259e-06
-1.543050635358002145e-06
-1.458096385917502253e-06
-1.651543282714502015e-06
-1.564577841047002072e-06
-1.644429621319002207e-06
-1.469977317777002056e-06
-1.476308848862002209e-06
-1.406773739828502143e-06
-1.363831061352002211e-06
-1.429530007434002254e-06
-1.569419600112002014e-06
-1.641338344377502289e-06
-1.564428863845002178e-06
-1.335711614474502106e-06
-1.444018040328502319e-06
-1.150234997984502389e-06
-1.272172837821502008e-06
-1.347369080531002280e-06
-1.179471773877002123e-06
-1.302191744024502032e-06
-1.241558022810501984e-06
-1.118912541264002022e-06
-1.287554733928001861e-06
-1.220626725929502057e-06
-1.140774945657502134e-06
-1.165952092795502216e-06
-1.309044695316502237e-06
-1.328858663182502324e-06
-1.302862141433502190e-06
-1.290050102061501991e-06
-1.409045642159002009e-06
-1.485396458184002306e-06
-1.461820815967502355e-06
-1.398393772216001966e-06
-1.147814118452002206e-06
-9.437153517120021905e-07
-1.402229935167501989e-06
-1.252656824359502132e-06
-1.283048173567502103e-06
-8.826719431925022225e-07
-1.222861383959502161e-06
-9.265084848810021540e-07
-1.065280748544002074e-06
-1.243271260633502036e-06
-1.321633268885502172e-06
-1.366885093993002155e-06
-1.352583282601002169e-06
-1.244425833949002273e-06
-1.532138055311502076e-06
-1.444576704836002134e-06
-1.489605064140502064e-06
-1.451019968822502207e-06
-1.574969000886502088e-06
-1.728899694853002232e-06
-1.633293575469502297e-06
-1.514782211278502146e-06
-1.668936371048001918e-06
-1.623088637132502148e-06
-1.739439831894502142e-06
-1.724579355995002342e-06
-1.849198785468002169e-06
-1.749235082926002159e-06
-1.860632785721502291e-06
-1.817615618644002199e-06
-1.745585141477002216e-06
-1.704467433725002467e-06
-1.393105081545002342e-06
-1.416010326352502135e-06
-1.503348211025002236e-06
-1.391056645017501894e-06
-1.207926419459001990e-06
-1.287145046622501941e-06
-1.168037773623502214e-06
-1.129303701103502251e-06
-1.352210839596002010e-06
-1.257126140419502340e-06
-1.342378344264002232e-06
-1.466625330732002113e-06
-1.436345714425502062e-06
-1.373402846580502175e-06
-1.415116463140502135e-06
-1.488450490825002250e-06
-1.114219759401002186e-06
-1.401745759261001910e-06
-1.289640414756002282e-06
-1.474483878137502237e-06
-1.462565701977502249e-06
-1.392732638540001972e-06
-1.381149661084502168e-06
-1.426103531788002363e-06
-1.500703865689502212e-06
-1.632213490755002218e-06
-1.334110109553002187e-06
-1.336754454888502211e-06
-1.287889932632502257e-06
