5.774286040016625066e+02
5.721736611015002154e+02
5.669120210906381772e+02
5.616571586631010859e+02
5.563964053413504871e+02
5.511377145031798364e+02
5.458130107783456424e+02
5.406149813972605216e+02
5.353590072553083701e+02
5.301022075238306570e+02
5.248564057178009534e+02
5.196038218577449470e+02
5.143423368311982813e+02
5.090878976300605814e+02
5.038796854814162884e+02
4.986192495794651336e+02
4.933695224976047484e+02
4.881117064266749708e+02
4.828443007012387511e+02
4.775907556403813032e+02
4.723273765266740156e+02
4.670793691746196146e+02
4.617996854129004305e+02
4.565476857244943290e+02
4.512931019706779239e+02
4.460392782360998467e+02
4.407696669646387591e+02
4.355121832158463917e+02
4.302515580542026896e+02
4.249993601647009314e+02
4.197384652707392547e+02
4.144761129281206422e+02
4.092108263151486653e+02
4.039559981629889194e+02
3.986945697653267189e+02
3.934534994516138227e+02
3.881891263519616473e+02
3.829328094562352476e+02
3.777519565099354395e+02
3.724823884552544087e+02
3.672274276722865807e+02
3.619703135014768804e+02
3.567112277513490426e+02
3.514462317339682613e+02
3.462550022897150939e+02
3.409922103281252816e+02
3.356806221509698389e+02
3.304069186974923014e+02
3.251565463443963040e+02
3.198963309970476985e+02
3.146419424638592659e+02
3.093798673047274406e+02
3.041870537419443394e+02
2.989328410563443867e+02
2.936766687132966354e+02
2.884120035278195360e+02
2.831577550766082823e+02
2.778991953790120419e+02
2.726432599831385915e+02
2.673824440715683295e+02
2.621392546453910768e+02
2.568843624131779961e+02
2.516296087727083659e+02
2.463626739611530354e+02
2.411642675509164064e+02
2.359122395480680154e+02
2.306583934599829604e+02
2.254037456261131922e+02
2.201418299219980668e+02
2.148841151869667954e+02
2.095672083653771836e+02
2.043004374795398803e+02
1.991131586450920565e+02
1.938580562899131507e+02
1.886063486873318311e+02
1.833483493176446473e+02
1.780864917326477155e+02
1.728318096234005736e+02
1.675146241280902473e+02
1.622567976255238875e+02
1.570609976342045115e+02
1.518054586405220334e+02
1.465454608673082362e+02
1.412973909254341436e+02
1.360284025717016050e+02
1.307995626067899195e+02
1.255994305058122791e+02
1.203552500741576523e+02
1.150927814933025530e+02
1.098369191188853193e+02
1.045734774153584539e+02
9.932613768804664289e+01
9.405963355405963000e+01
8.880660709456485336e+01
8.355002791768954751e+01
7.829513568547650948e+01
7.302635298400842601e+01
6.783596701208644220e+01
6.258641875828219270e+01
5.733369034554754506e+01
5.207455094700290488e+01
4.681244300272753378e+01
4.150100533918597989e+01
3.624013130849748165e+01
3.097792053808987589e+01
2.578431566115867213e+01
2.053128026026111641e+01
1.527058803809627641e+01
1.001515932171501611e+01
4.752775684186544503e+00
2.253649254579896399e-01
