7.131624454448427276e-03
7.047810847050270042e-03
6.963231612852161662e-03
6.879862293897589902e-03
6.796916672411973392e-03
6.713374136072257012e-03
6.629225934645097303e-03
6.546759230186081219e-03
6.463274184741176973e-03
6.380106716914051533e-03
6.298779888596796848e-03
6.216669709602694500e-03
6.135429601683119530e-03
6.053942997828534733e-03
5.973889011964813277e-03
5.894219961898089846e-03
5.813933033652280043e-03
5.734849653458936464e-03
5.655495425617365103e-03
5.576643088819299189e-03
5.497867977484860447e-03
5.419032954978302008e-03
5.340051114726767321e-03
5.261889934657652985e-03
5.184511435034746228e-03
5.106332717263912212e-03
5.028751361167602477e-03
4.949373675253668052e-03
4.872066145608425040e-03
4.793297215289878989e-03
4.715928843596630358e-03
4.637928146530520719e-03
4.560337295500158442e-03
4.482751508434625227e-03
4.406130779019181050e-03
4.328960274304578804e-03
4.252032057965975109e-03
4.174400397336706058e-03
4.098656366832108960e-03
4.021260813562944902e-03
3.944687298172514130e-03
3.868464983636920023e-03
3.791846227678356829e-03
3.715797130527907777e-03
3.640564188120584427e-03
3.565706314225851586e-03
3.489419657548913003e-03
3.414808242354155053e-03
3.339241041033147537e-03
3.264625492749449048e-03
3.190216859558024209e-03
3.115107909818915291e-03
3.041328176377085073e-03
2.966764347557695938e-03
2.892368858333802667e-03
2.817845913583392776e-03
2.743119553834045925e-03
2.668667579061299346e-03
2.593591991913998113e-03
2.519307090745539698e-03
2.444621391654959019e-03
2.370545751386010647e-03
2.295483457146382886e-03
2.221080483680354292e-03
2.148187874959311353e-03
2.073586252578889753e-03
1.999277409282604594e-03
1.924422216310428405e-03
1.850362698811851411e-03
1.774547884504768707e-03
1.699116851708584817e-03
1.623995093117263722e-03
1.550124208308529877e-03
1.474471701521191599e-03
1.399473749422908316e-03
1.324105308721399690e-03
1.247960703704893834e-03
1.171873142762773750e-03
1.095418295430481857e-03
1.019305824249612221e-03
9.434709402583951960e-04
8.670217154164636380e-04
7.899454153416765384e-04
7.126960840569211133e-04
6.348024377178735148e-04
5.575731761172524103e-04
4.799268448839961380e-04
4.020693909994545634e-04
3.225248548914435827e-04
2.429635257824219795e-04
1.627988773931940370e-04
8.147580981452551144e-05
2.896554613904986662e-07
-8.226570561715051044e-05
-1.663482989117595753e-04
-2.520753403141905527e-04
-3.385163262872985268e-04
-4.258474530190695540e-04
-5.150892955975231715e-04
-6.052350186627390802e-04
-6.955288254641387195e-04
-7.857028099212990746e-04
-8.766203780373945124e-04
-9.666105703593270591e-04
-1.056687594784045748e-03
-1.144876058208204065e-03
-1.233875165590233094e-03
-1.322882055094681689e-03
-1.410782319344070250e-03
-1.494596708677972587e-03
-1.565587537960852526e-03
