-9.943675533309553546e-03
-9.853170110658299868e-03
-9.761769983899772421e-03
-9.670655754774323126e-03
-9.580177002511170575e-03
-9.488753069548480634e-03
-9.397016940536545571e-03
-9.308263208145142395e-03
-9.217454963137538398e-03
-9.127833531801698291e-03
-9.039084002693216491e-03
-8.949002553659180306e-03
-8.860713786192778510e-03
-8.771997883347674649e-03
-8.685234089243688838e-03
-8.597831135755205911e-03
-8.510976952469800905e-03
-8.424033384327215060e-03
-8.337865638059887771e-03
-8.252448010406763027e-03
-8.166161791076544454e-03
-8.081018790306721683e-03
-7.995266053132853157e-03
-7.909899943593418428e-03
-7.825567655666826675e-03
-7.741024868819387957e-03
-7.655457968826742850e-03
-7.570332376343712200e-03
-7.486021774381223029e-03
-7.401735387792026354e-03
-7.316279075057142110e-03
-7.231900662609990621e-03
-7.147780398689198254e-03
-7.063646706581373086e-03
-6.979348491284485118e-03
-6.895404504866058625e-03
-6.811553697418601741e-03
-6.728169379981100394e-03
-6.644811546945727024e-03
-6.561431284002370613e-03
-6.478136723393990333e-03
-6.395169088923676609e-03
-6.312412213754566015e-03
-6.229474485828228811e-03
-6.148741435590270553e-03
-6.066704065744701370e-03
-5.984350184975388565e-03
-5.902385684432866729e-03
-5.821464974351178018e-03
-5.740366201301812243e-03
-5.659112650728212630e-03
-5.577834178034631572e-03
-5.497974071545465823e-03
-5.416754258826823876e-03
-5.335338156515444068e-03
-5.254071847304303024e-03
-5.172972665085802044e-03
-5.092698479433028537e-03
-5.011411786159573542e-03
-4.931003616214012751e-03
-4.850624162502218707e-03
-4.769405837671335940e-03
-4.689068416788762586e-03
-4.607914740681051495e-03
-4.528270154733922762e-03
-4.447225987165347692e-03
-4.366191007303692542e-03
-4.285497981246478259e-03
-4.204107098632630171e-03
-4.122622516287096674e-03
-4.040702131616658727e-03
-3.959072071045390169e-03
-3.878341661808206321e-03
-3.797127800640604130e-03
-3.715095787190972419e-03
-3.633002584357209949e-03
-3.550575648298880116e-03
-3.468957081660558033e-03
-3.384802596321286310e-03
-3.302192538476893952e-03
-3.220103315742889934e-03
-3.137441219024092193e-03
-3.053954460514313966e-03
-2.971039943637032200e-03
-2.886160708169864357e-03
-2.802573926405419868e-03
-2.718307254329044471e-03
-2.633371776704548136e-03
-2.547665275642819940e-03
-2.461555556998132333e-03
-2.374569658448773789e-03
-2.287113029409345959e-03
-2.198523783009811907e-03
-2.109344068352721896e-03
-2.018474373580629675e-03
-1.927130302993456052e-03
-1.833217728963387966e-03
-1.738735554301598044e-03
-1.642416693791670006e-03
-1.545665862267819966e-03
-1.448407326243064111e-03
-1.351037682199829858e-03
-1.253873738639415874e-03
-1.157222781581455874e-03
-1.060082458239231884e-03
-9.648320499297599736e-04
-8.684080701495879451e-04
-7.727582383709439857e-04
-6.771124982836400482e-04
-5.860099862743019944e-04
-5.087766340338339618e-04
