-4.566638525682424274e-03
-4.525408792223794240e-03
-4.482726546441323859e-03
-4.439764215802966332e-03
-4.396670474469737029e-03
-4.352959936279317960e-03
-4.307480116043616372e-03
-4.264571138445022794e-03
-4.220308541395456983e-03
-4.175877476728001407e-03
-4.130403609411661264e-03
-4.084637193314520978e-03
-4.038800495563187216e-03
-3.992443921922994576e-03
-3.946468781590794540e-03
-3.898114519830624559e-03
-3.851567043507706303e-03
-3.802734725117181899e-03
-3.754393299339382241e-03
-3.705968495484795577e-03
-3.656354968045510186e-03
-3.607235532913104139e-03
-3.557488474051424127e-03
-3.507898535055102400e-03
-3.458571975534714335e-03
-3.408132220094006303e-03
-3.358299513605034290e-03
-3.308432056949298615e-03
-3.258032000039571760e-03
-3.207939597443519933e-03
-3.157105609918196137e-03
-3.106923243828316195e-03
-3.056162849268580228e-03
-3.005865219777592752e-03
-2.954291135552836265e-03
-2.903468532985788077e-03
-2.852549641948092136e-03
-2.800951001930976521e-03
-2.750194811620538214e-03
-2.697879105260763896e-03
-2.646429064993171924e-03
-2.593664248073432321e-03
-2.541387682158449939e-03
-2.489346554204156011e-03
-2.437200468840396237e-03
-2.384619373894404301e-03
-2.329440759791422382e-03
-2.275171788972394239e-03
-2.221197599278924503e-03
-2.167112201610660142e-03
-2.112909457019512133e-03
-2.057994445626940352e-03
-2.004805929671752036e-03
-1.950331657546295868e-03
-1.895792535805562121e-03
-1.840919232054255691e-03
-1.786613018283481763e-03
-1.732140718062563905e-03
-1.678081773679705908e-03
-1.623420505474854015e-03
-1.569355198909429868e-03
-1.515205509712078038e-03
-1.460764871581005965e-03
-1.406527190794363896e-03
-1.352887480757433746e-03
-1.298567724095116152e-03
-1.244056283429405925e-03
-1.190053631340246085e-03
-1.136263907735444089e-03
-1.083198319565040072e-03
-1.027930820934863957e-03
-9.736987582158680753e-04
-9.206511032150359970e-04
-8.668108914129119946e-04
-8.135090095496620797e-04
-7.599635788730960519e-04
-7.065814814214700342e-04
-6.531578251515620086e-04
-5.996955121115601049e-04
-5.464424813928079510e-04
-4.941057537865439254e-04
-4.417450656798559833e-04
-3.895496827026459822e-04
-3.363532419235599710e-04
-2.845187918882959737e-04
-2.336664247244479896e-04
-1.825534313098700200e-04
-1.318292007352459992e-04
-8.186861809727199654e-05
-3.134942838885399315e-05
1.818295331840600373e-05
6.654220064853999311e-05
1.138804106911960040e-04
1.611320801686559764e-04
2.074473926365339978e-04
2.524317439527539570e-04
2.947020477155120276e-04
3.358725868322559919e-04
3.762741575906720210e-04
4.157122483506719979e-04
4.559834873808500623e-04
4.959224046877559484e-04
5.368603706862540509e-04
5.771727964772539786e-04
6.180133206269780317e-04
6.576768037962459762e-04
6.983331595032700586e-04
7.396678875771120184e-04
7.810606566147139688e-04
8.275136303427920587e-04
8.673328939705620289e-04
