5.874508377567497740e-03
5.834923634090293833e-03
5.794294077343982961e-03
5.752698220813226744e-03
5.711244067918926429e-03
5.670242362462282228e-03
5.627186065854707271e-03
5.586252608737406720e-03
5.544878159489542713e-03
5.502100174774775601e-03
5.458756602868517632e-03
5.414827694523802713e-03
5.371133545589403674e-03
5.326988325341899637e-03
5.282573421874465526e-03
5.236880247467051372e-03
5.191167881701000408e-03
5.144535260534212687e-03
5.097704440239164345e-03
5.051913263448008957e-03
5.004346588442393565e-03
4.957470467614747550e-03
4.909870654042181731e-03
4.861974415802281305e-03
4.814168481087135153e-03
4.766247695760604877e-03
4.718320438929416924e-03
4.669794791072790288e-03
4.621754840798437437e-03
4.573316074751458508e-03
4.525181171882914667e-03
4.476815563592604318e-03
4.427953695034256808e-03
4.378747497797091416e-03
4.329826790615943534e-03
4.280606794940686362e-03
4.230888679369618210e-03
4.181937548678071014e-03
4.132955064662237159e-03
4.083332868691804535e-03
4.032948560066619559e-03
3.982855766691445129e-03
3.932463833592384113e-03
3.881324925208659918e-03
3.831716155750762749e-03
3.780582454324808890e-03
3.728677267720118763e-03
3.676459552071562054e-03
3.623885457356204858e-03
3.571661902476434575e-03
3.519113954127594136e-03
3.467140296028228472e-03
3.415402550308399218e-03
3.363085604921768525e-03
3.310633055477785018e-03
3.257987104745201611e-03
3.205363655508696070e-03
3.152650051517658092e-03
3.100056467903218246e-03
3.046855455472353199e-03
2.993936213841955421e-03
2.940969068200073935e-03
2.887323344383094757e-03
2.834362409897981869e-03
2.782298820199417388e-03
2.729322822729327112e-03
2.676232160610630441e-03
2.623217371305152593e-03
2.570226199272418553e-03
2.517693090753221879e-03
2.464252595457492017e-03
2.411346966302407423e-03
2.359669807255487719e-03
2.306756999937191726e-03
2.254831245849310637e-03
2.202049951407262195e-03
2.149967579468170086e-03
2.098442463588134303e-03
2.046014833156336536e-03
1.994149591356253644e-03
1.943472354163951112e-03
1.891751047553653182e-03
1.840015607772265208e-03
1.789318956065992245e-03
1.738802576676227616e-03
1.688516493590119230e-03
1.638697065497869221e-03
1.589590916234998128e-03
1.540280877382876196e-03
1.491258522947546891e-03
1.443278750227993323e-03
1.396013520884705796e-03
1.349446730541152550e-03
1.304138610660830755e-03
1.259389122964118569e-03
1.216860811874422455e-03
1.174170973516189091e-03
1.134899316971183869e-03
1.096107704740016588e-03
1.057732946670893832e-03
1.019746850806745779e-03
9.809414401374882356e-04
9.425788812265691605e-04
9.036922048235440782e-04
8.646917935858000528e-04
8.262753798545171028e-04
7.870766579108471640e-04
7.477253349119605515e-04
7.073421416532821131e-04
6.616870896152559668e-04
6.219109904400039242e-04
