-9.109761429797602476e-05
-8.620314118164951580e-05
-8.158361713353201583e-05
-7.743369537291201819e-05
-7.331991977330352115e-05
-6.947052114125800662e-05
-6.481563267196552563e-05
-6.172042685361000625e-05
-5.821369084989701026e-05
-5.472288744856601810e-05
-5.194506800382951478e-05
-4.900699189261051173e-05
-4.675803806011951107e-05
-4.456391769330301508e-05
-4.210560648745601122e-05
-4.051331411762500780e-05
-3.921067497007050970e-05
-3.781873135262250857e-05
-3.677313570845050787e-05
-3.524174459445350804e-05
-3.464367639382450890e-05
-3.352839422708450446e-05
-3.258196786502851169e-05
-3.154057872569100593e-05
-3.098107635699600987e-05
-2.995978909916850727e-05
-2.922700106671600724e-05
-2.865487918351750945e-05
-2.759584505929900877e-05
-2.695057466282800915e-05
-2.605492416443800515e-05
-2.511966551433200586e-05
-2.450495742289750503e-05
-2.384193036442600335e-05
-2.273543346442000583e-05
-2.230529042581250960e-05
-2.134438326392800432e-05
-2.069271004593900464e-05
-2.004077624800450522e-05
-1.936773547448450265e-05
-1.865530990348750553e-05
-1.802712610630000572e-05
-1.760628949431750914e-05
-1.710906573259700662e-05
-1.643851908141250791e-05
-1.592454375176700332e-05
-1.568991012369750442e-05
-1.525585838590750521e-05
-1.502211817479400254e-05
-1.452537834725800560e-05
-1.432707700873250566e-05
-1.390393240294700528e-05
-1.369598960643800626e-05
-1.347807032058700705e-05
-1.309699076314650343e-05
-1.294406756084450237e-05
-1.265247860183000184e-05
-1.242048799892200109e-05
-1.227162239862850067e-05
-1.216214159581200157e-05
-1.177398915413650073e-05
-1.146762158964150249e-05
-1.138244917316950319e-05
-1.110009218936700431e-05
-1.075702007826300360e-05
-1.070881278834550144e-05
-1.048899499146299923e-05
-1.018460038941250029e-05
-1.003569756341249748e-05
-9.745820986896999881e-06
-9.492202248512499871e-06
-9.397723405415502613e-06
-9.243013369201502321e-06
-8.978003564628003001e-06
-9.152815482352001376e-06
-8.818751992221001568e-06
-8.555640698679000156e-06
-8.363704955964999587e-06
-8.094637549382999623e-06
-7.671902426368998351e-06
-7.631214729164499994e-06
-7.718397333787502666e-06
-7.633783302913000154e-06
-7.070558363568001193e-06
-7.109682581099501073e-06
-7.117313850932000172e-06
-6.938704911144998357e-06
-6.762441190867498493e-06
-6.435860067742998413e-06
-6.426106932639998960e-06
-6.527509757145997459e-06
-6.281298934354998339e-06
-6.252635140349998312e-06
-6.121972910534998067e-06
-6.043314992700498343e-06
-5.850076350258998197e-06
-5.950325177863497336e-06
-5.736426268314498924e-06
-5.675525012480497874e-06
-5.514151574802998628e-06
-5.454999927174498657e-06
-5.361340049620498786e-06
-5.487423517535998046e-06
-5.296827900255998592e-06
-5.128158224104498831e-06
-5.274901959127499745e-06
-4.981675069026999358e-06
-4.862738936759498700e-06
-5.013019113899999073e-06
-4.869365112516499505e-06
-4.827113935639000978e-06
