-7.055754152794750666e-05
-6.919929576287702519e-05
-6.792157118961550573e-05
-6.711319354474300973e-05
-6.614310312705151522e-05
-6.518340374197552356e-05
-6.382188051858901515e-05
-6.313644480441102304e-05
-6.234274123427150597e-05
-6.121827508112750917e-05
-6.063734559461651173e-05
-5.959157568490102108e-05
-5.901090690530151346e-05
-5.811899131721551156e-05
-5.701631281310401704e-05
-5.636454553435400966e-05
-5.574302025733801429e-05
-5.500674669541750784e-05
-5.436775405533100997e-05
-5.356239316186301043e-05
-5.311837204773400600e-05
-5.230448231387551029e-05
-5.161778030898450469e-05
-5.084835972545900671e-05
-5.037510219339751393e-05
-4.988683539200251853e-05
-4.912985425254001314e-05
-4.872106581530800690e-05
-4.781991375378601226e-05
-4.730386304439401828e-05
-4.661615545570150934e-05
-4.599429498408501060e-05
-4.544420340082000481e-05
-4.509712801392450559e-05
-4.404673986749100840e-05
-4.378752270977101486e-05
-4.296562554934500939e-05
-4.246972375982750421e-05
-4.201594475843951383e-05
-4.153482877518851129e-05
-4.090231656404500632e-05
-4.020645257340700797e-05
-3.988492646383850744e-05
-3.922377373627450732e-05
-3.857211818905801010e-05
-3.819550843347400900e-05
-3.780541640618101536e-05
-3.720236407603701227e-05
-3.675811949884100785e-05
-3.615301875724950825e-05
-3.581525433147900856e-05
-3.501585245313100872e-05
-3.460650535823151267e-05
-3.408322934300650551e-05
-3.350229985649550807e-05
-3.316837154670850479e-05
-3.258449979648201088e-05
-3.205403571926851425e-05
-3.163534041939951530e-05
-3.144144896493251165e-05
-3.067847156650550995e-05
-3.021556782321500986e-05
-2.960715237946300705e-05
-2.918946266339550805e-05
-2.889683777715900943e-05
-2.822980052216400961e-05
-2.781814430890550691e-05
-2.739255889780400831e-05
-2.673464638471151141e-05
-2.630325093386800972e-05
-2.571494716614600927e-05
-2.531591661617300931e-05
-2.506839402562600840e-05
-2.428251166283151125e-05
-2.411655309173950956e-05
-2.358929198515300599e-05
-2.294646322908300832e-05
-2.237953742810401016e-05
-2.197514376452301048e-05
-2.142940971106450785e-05
-2.073138557744550961e-05
-2.034375164388950907e-05
-1.995585700342200855e-05
-1.935857746917550855e-05
-1.897563626002651116e-05
-1.826487473158850680e-05
-1.796666326867700847e-05
-1.728450501281500942e-05
-1.682916176995800895e-05
-1.609363308492750585e-05
-1.570529151832600874e-05
-1.518722964133100978e-05
-1.435862858889500804e-05
-1.393077130327900786e-05
-1.337814713858800897e-05
-1.266176178963050828e-05
-1.202437063485751033e-05
-1.139710980578850848e-05
-1.088117082793000771e-05
-1.008571679709900767e-05
-9.473167286607510148e-06
-8.896520842214009097e-06
-8.451941070417508080e-06
-7.807883267479008777e-06
-7.244346656349507904e-06
-6.556452848434508299e-06
-5.766212955833507142e-06
-5.262229252059509158e-06
-4.701597660801008137e-06
-4.324987905217007884e-06
-3.852847688490508274e-06
