1.446003531984980100e-07
4.255096982849794900e-08
1.120860788619979485e-07
-4.525826003502113390e-09
2.336514756939978716e-07
8.515844960049796108e-08
-1.295921870825020447e-07
3.394625334144980878e-07
1.703734091444980382e-07
2.846016787779979551e-07
2.714916850019980206e-07
3.595744556844980156e-07
4.415119167844980429e-07
3.583826380684979108e-07
1.765932073279979793e-07
3.698166383219980322e-07
3.248627676184980488e-07
2.502624337169979880e-07
2.282138078209980886e-07
3.950682740609980080e-07
4.521265424269980062e-07
3.462037518049980019e-07
3.856454660344979906e-07
2.145079052369979694e-07
1.936510969569979629e-07
1.150283786014979854e-07
2.881398873254980311e-07
7.882691851549788774e-08
1.187900529519980082e-07
1.523471677024980555e-07
1.218813298934980053e-07
3.774517199244979984e-07
2.486236844949978837e-07
2.370034627389979213e-07
3.307846113979980696e-07
3.495929831504979722e-07
3.601703644924979091e-07
2.917898287744980276e-07
3.170042202129980299e-07
2.390146549659979988e-07
3.843419155169981242e-07
2.786053463974979873e-07
1.871705886699979956e-07
1.815466992944980010e-07
2.621061212759978708e-07
2.008020026529980355e-07
2.559608116934980620e-07
2.926836919864979209e-07
2.397967852764979716e-07
8.672271022149791987e-08
3.563714458414980186e-07
4.018467367519980015e-07
4.408787636759981229e-07
4.991660939584980934e-07
5.691853788984981322e-07
3.540006413249790292e-08
2.674693005479979186e-07
3.363712564729979055e-07
2.371896842414980006e-07
1.954015790804980142e-07
2.895179264439980033e-07
