3.141147916299503322e+02
3.088576551056336257e+02
3.036784443969820586e+02
2.984306546190624658e+02
2.931788829364277831e+02
2.879250517506806659e+02
2.826802066747509912e+02
2.774251043195720854e+02
2.721819640711102579e+02
2.669290434182153149e+02
2.616910713005738103e+02
2.564354339514604817e+02
2.511951266374535123e+02
2.459391271615266419e+02
2.407488753106466959e+02
2.355050927714168267e+02
2.302671683412569905e+02
2.250148855084287050e+02
2.197605416822542281e+02
2.145144910071799131e+02
2.092022277541128688e+02
2.039496304819526813e+02
1.987610208687209479e+02
1.935223945384410342e+02
1.882769399568869062e+02
1.830311083461812132e+02
1.777745813274889883e+02
1.725309343995350275e+02
1.672219362487250010e+02
1.619675283424970758e+02
1.567794790571743704e+02
1.515369095682581815e+02
1.462836655346285397e+02
1.410388666559466913e+02
1.357815930301203196e+02
1.305600716034032018e+02
1.253701729379340293e+02
1.201260714886708314e+02
1.148703134306196318e+02
1.096226428714040964e+02
1.043722615769053448e+02
9.913350261581715017e+01
9.388111546662284468e+01
8.863237044883707938e+01
8.337968972358407882e+01
7.813613668035948479e+01
7.288053956755877039e+01
6.769770461030421416e+01
6.245198625736742315e+01
5.721130638491030851e+01
5.195988490721875763e+01
4.669945198573521594e+01
4.139278307035548465e+01
3.614481744484741910e+01
3.088902213095122562e+01
2.570987699258686732e+01
2.046156563283708252e+01
1.520891024155867299e+01
9.962856586016741289e+00
4.709056695179496543e+00
1.936140041032439474e-01
