5.740133645751439861e-03
5.658439416552023260e-03
5.578426067705874805e-03
5.495964556086495312e-03
5.414156257319360961e-03
5.332493976525120097e-03
5.250611999305540741e-03
5.167822263383871871e-03
5.086425686206123495e-03
5.003865949047667412e-03
4.921581064874356280e-03
4.839936524929089323e-03
4.757680911296955674e-03
4.675473238868863360e-03
4.593620197457463222e-03
4.511321328883283882e-03
4.428847766875920050e-03
4.346424117278040351e-03
4.263249475599501827e-03
4.181093500823553945e-03
4.097609193927923520e-03
4.014358530665944336e-03
3.932738612192418146e-03
3.849893905673720546e-03
3.767299691016316645e-03
3.684032216719250897e-03
3.601067452631400139e-03
3.517444752236753569e-03
3.433365327260568325e-03
3.349987502651333767e-03
3.268005217109570815e-03
3.184593100964165733e-03
3.100936555344015015e-03
3.017399174671685572e-03
2.934078812560698968e-03
2.850758264486935502e-03
2.768437563882677425e-03
2.684616924707660616e-03
2.600940295107539903e-03
2.516823454420520807e-03
2.433034949613456163e-03
2.348814750814701927e-03
2.264817298230838161e-03
2.180616848679055655e-03
2.096603366103770832e-03
2.012329647217652936e-03
1.927991696788186170e-03
1.844420284927574850e-03
1.760077499465893206e-03
1.675343448320351690e-03
1.590679207601483755e-03
1.506082434178292661e-03
1.419885897365380208e-03
1.334458428215096583e-03
1.249765102917827593e-03
1.165478180674507213e-03
1.080958916536978176e-03
9.951355326333973135e-04
9.099615307488460609e-04
8.237653286689330641e-04
7.489887660222956361e-04
