1.198430436072580717e-03
1.152802400160667920e-03
1.107257956903452255e-03
1.060414494962748280e-03
1.014091727758476263e-03
9.676390847503800637e-04
9.216491987634780865e-04
8.753668315727234760e-04
8.291279921384686353e-04
7.830544390267979221e-04
7.368401002459021819e-04
6.899507647414621515e-04
6.436035713539020944e-04
5.974052436382710878e-04
5.518588269241741151e-04
5.053753905417195883e-04
4.594709961963255353e-04
4.129617186992340155e-04
3.667607472960825372e-04
3.201712282974885607e-04
2.735163245765565108e-04
2.269039805012010975e-04
1.820476407000254913e-04
1.355047027308420185e-04
8.873883860412001411e-05
4.257197449348649814e-05
-4.013783766522002042e-06
-4.969078375011751317e-05
-9.675802825417650248e-05
-1.427340255728370532e-04
-1.885674871756035141e-04
-2.352166939361040061e-04
-2.813294927751915585e-04
-3.273923594316734695e-04
-3.735744154367910317e-04
-4.198333245551805724e-04
-4.655696399503275805e-04
-5.117190408293116090e-04
-5.585119375918066358e-04
-6.049337127554732301e-04
-6.514374049972396739e-04
-6.979862261020322199e-04
-7.444764764959832873e-04
-7.904519897591821224e-04
-8.367874541105596716e-04
-8.831722548839747054e-04
-9.298031420070091129e-04
-9.754235819716801587e-04
-1.021651250895285173e-03
-1.068930884041836100e-03
-1.115147010104436094e-03
-1.161605536248141177e-03
-1.208554894629807006e-03
-1.255381861449784411e-03
-1.302043839827461604e-03
-1.347846619760976030e-03
-1.394168269914183118e-03
-1.440593991991612763e-03
-1.487597192234611700e-03
-1.533482447771758548e-03
-1.573863136305834456e-03
