-3.996835762592325890e-03
-3.918217342480614061e-03
-3.840181899202976205e-03
-3.760157399538431935e-03
-3.681145268222548155e-03
-3.601163145902698450e-03
-3.521396593675172378e-03
-3.441570735488522215e-03
-3.362199866369706188e-03
-3.281397803819508484e-03
-3.201414156064072338e-03
-3.121264421858492046e-03
-3.041941064477318279e-03
-2.961203479484938225e-03
-2.882669367593662137e-03
-2.802035772661352463e-03
-2.721674449378270154e-03
-2.642177155134546162e-03
-2.561508958858456277e-03
-2.481802010236022066e-03
-2.400295605708298394e-03
-2.319572456545365962e-03
-2.239515401853072601e-03
-2.159196902383636509e-03
-2.078949317066076160e-03
-1.997325156352262182e-03
-1.915706539294601907e-03
-1.835724268151768101e-03
-1.752682270869386147e-03
-1.671174675757789883e-03
-1.589930236887652105e-03
-1.509434972918970034e-03
-1.428280423131167778e-03
-1.347263720632296043e-03
-1.266995560537197965e-03
-1.187283217081594152e-03
-1.107423985340781798e-03
-1.027340068099875849e-03
-9.469268428011240902e-04
-8.665090039898681222e-04
-7.861975364064260939e-04
-7.058023931002300501e-04
-6.251456933996540118e-04
-5.439660297333019775e-04
-4.646132798127880167e-04
-3.834238682409839695e-04
-3.019898288892300517e-04
-2.223166630841640100e-04
-1.418648926325559879e-04
-6.129346850181199564e-05
2.028827766156199913e-05
1.013291266895880111e-04
1.834170198215460252e-04
2.653911377822359995e-04
3.466425713326219790e-04
4.268326365668660412e-04
5.089539776644780517e-04
5.898054122396179794e-04
6.714656625270519876e-04
7.529649979630359492e-04
8.237485204648299945e-04
