-3.494315971092506329e-03
-3.440952876580105537e-03
-3.389001452777200274e-03
-3.335907517160583823e-03
-3.283292569811106006e-03
-3.230581132940391932e-03
-3.178046903501893870e-03
-3.124868269874539646e-03
-3.072394002312769760e-03
-3.019485717891407916e-03
-2.966524204285431784e-03
-2.913835420505863673e-03
-2.860754503907147854e-03
-2.807452264004132135e-03
-2.755342268563203828e-03
-2.702444771328102111e-03
-2.649565054351731876e-03
-2.596877609671147807e-03
-2.543788509689752161e-03
-2.491165230168817645e-03
-2.437611760417526374e-03
-2.384892474938877724e-03
-2.332615166519337938e-03
-2.280075506290516352e-03
-2.227240091172200120e-03
-2.174560048733221746e-03
-2.121955256217705928e-03
-2.069511676340986261e-03
-2.015816001717032034e-03
-1.963056096902536258e-03
-1.910497094132834056e-03
-1.858410198149379943e-03
-1.804769017414635827e-03
-1.751772947615434003e-03
-1.699214056437313913e-03
-1.646501950017107817e-03
-1.594101444491040007e-03
-1.541095629027009872e-03
-1.488354583189872155e-03
-1.434928774208387749e-03
-1.381956287430182026e-03
-1.329243660249259914e-03
-1.276813434165185697e-03
-1.223475298969960027e-03
-1.170883562669537865e-03
-1.118061017780346044e-03
-1.065378297143400018e-03
-1.012503713379801946e-03
-9.598795411262119439e-04
-9.063967460435198896e-04
-8.532552352157779822e-04
-8.002611740650520051e-04
-7.466115123700760520e-04
-6.933375795316940428e-04
-6.403740572772419551e-04
-5.886186998839100038e-04
-5.357838055263100053e-04
-4.827849831347519848e-04
-4.296401245595500248e-04
-3.763060810556639966e-04
-3.305824718525960043e-04
