-9.084593129632951149e-05
-8.026459867511751239e-05
-7.151886564142051201e-05
-6.403355780410702376e-05
-5.746381621816101380e-05
-5.200600648537001737e-05
-4.778353182278150522e-05
-4.436189378412750377e-05
-4.185693876803600469e-05
-3.988159387832000853e-05
-3.822359813651650233e-05
-3.673650561325450677e-05
-3.529106865556601226e-05
-3.365767910575900629e-05
-3.215059637810650794e-05
-3.077908967352700433e-05
-2.941964409785350398e-05
-2.796728315875600314e-05
-2.650353115346950470e-05
-2.516668158164150120e-05
-2.414729283484550498e-05
-2.283490055218800234e-05
-2.170193617486050399e-05
-2.080851921886050411e-05
-1.991465555438250273e-05
-1.922445373016600236e-05
-1.852323309682549771e-05
-1.792326638516500575e-05
-1.730762765106799952e-05
-1.690376596124950237e-05
-1.644648538260349966e-05
-1.596028043000700142e-05
-1.552965345721500130e-05
-1.492901668283750200e-05
-1.463407741023800038e-05
-1.408708287892700061e-05
-1.375878937330349929e-05
-1.328259813575550025e-05
-1.284162241655650150e-05
-1.259381088838599898e-05
-1.196357967734100019e-05
-1.165017645431749865e-05
-1.129746288522999886e-05
-1.095934179309050010e-05
-1.045850713783949844e-05
-1.014599733177199990e-05
-9.884747323554997399e-06
-9.572274743193999547e-06
-8.903626603040997050e-06
-8.588324868985999292e-06
-8.303436537141499252e-06
-7.889151649502998702e-06
-7.563389491921498550e-06
-7.329723732220998099e-06
-6.900101853504498817e-06
-6.393236633800498070e-06
-6.388695097607498622e-06
-5.745434889287498134e-06
-5.425963876104498508e-06
-4.978399206854998798e-06
-4.617049273859500767e-06
