-3.154935286405005792e-06
-3.032216818777505705e-06
-3.186890504986004584e-06
-3.458584350613504688e-06
-3.503276964013505794e-06
-3.412364739589006200e-06
-3.473668107636006035e-06
-3.399925295526006836e-06
-3.339143341302005280e-06
-3.216983531342006012e-06
-3.224395056397506057e-06
-3.241043054889005207e-06
-3.282160259217005225e-06
-3.366368591631503890e-06
-3.342122848862006822e-06
-3.223203253373506541e-06
-3.209683737820006385e-06
-3.392551014315006365e-06
-3.144693229167506315e-06
-3.249832602191006876e-06
-3.449198901799506437e-06
-3.300633206089005129e-06
-3.250428503703005151e-06
-3.369385343036006701e-06
-3.270353960510506252e-06
-3.397429957944506116e-06
-3.317541911492007230e-06
-3.394338718851007544e-06
-3.271657495068006609e-06
-3.347039036336006571e-06
-3.367970076945006773e-06
-3.436498750825005815e-06
-3.430018321882006146e-06
-3.449124414110506441e-06
-3.553630641777506187e-06
-3.534785256460506726e-06
-3.620185391899007024e-06
-3.605809267922006488e-06
-3.594375407660506225e-06
-3.590427560143507273e-06
-3.663835177653007337e-06
-3.608043898592007221e-06
-3.621265463389508240e-06
-3.590129609387507712e-06
-3.540446320824508131e-06
-3.708974717187007150e-06
-3.643127600111006277e-06
-3.748192485445505147e-06
-3.545548727521007024e-06
-3.638919045682507338e-06
-3.713146027771007360e-06
-3.698546440727008106e-06
-3.789011739017506875e-06
-3.881264741844006823e-06
-3.888415559988007305e-06
-3.786926083725507405e-06
-4.024206617035006301e-06
-4.043014758507507882e-06
-3.830464137946007723e-06
-3.814300309433008125e-06
-3.805026592152508175e-06
