-2.625332763587502510e-06
-2.795874415577002479e-06
-2.765669287871502164e-06
-2.739747254723501977e-06
-2.620975180429002858e-06
-2.727866322864002174e-06
-2.686972080915002477e-06
-2.623991968769502194e-06
-2.681832367446002324e-06
-2.582017642106002208e-06
-2.605220841317502424e-06
-2.613749786132002071e-06
-2.567045433305002275e-06
-2.535052579175501961e-06
-2.697288752153502547e-06
-2.604103512302502372e-06
-2.596207720596502485e-06
-2.793416291744002111e-06
-2.541644820364002564e-06
-2.515760031516502562e-06
-2.551030384090002237e-06
-2.574866736410001791e-06
-2.697810172360502176e-06
-2.497175125567002024e-06
-2.319482567881502062e-06
-2.480228968839502861e-06
-2.560304214914502202e-06
-2.280487785258002497e-06
-2.206744070268002462e-06
-2.296875277478002269e-06
-2.212889379850502112e-06
-2.342015369684002332e-06
-2.402015937789501771e-06
-2.499558760799002445e-06
-2.237917549786502088e-06
-2.334827219687502153e-06
-2.336838411914502416e-06
-2.259333022574002305e-06
-2.492743053807502425e-06
-2.445852479478002126e-06
-2.342574034191502146e-06
-2.414678999959502500e-06
-2.393040061369002442e-06
-2.367713937029002678e-06
-2.230878376992002227e-06
-2.360600275633502023e-06
-2.693899520808002206e-06
-2.538479054821502064e-06
-2.461644062890001899e-06
-2.512668754575002433e-06
-2.329985460622502211e-06
-2.588907837698502174e-06
-2.268308898994502058e-06
-2.333002248963002393e-06
-2.456578838022002540e-06
-2.322313134719502165e-06
-2.240524650821502350e-06
-2.287750423855502199e-06
-2.437509756166002134e-06
-2.377769898164002298e-06
-2.262163589412001985e-06
-2.578591166460002105e-06
-2.315013251821502278e-06
-2.313784189905002518e-06
-2.376689813449502007e-06
-2.411029058510501710e-06
-2.309240385244002363e-06
-2.308569987835002417e-06
-2.241530246935002269e-06
-2.312629616589502704e-06
-2.423990075084501803e-06
-2.379371403085502217e-06
-2.490359418575502428e-06
-2.528385849386002682e-06
-2.500229158208001968e-06
-2.484176864692502169e-06
-2.505294383076002175e-06
-2.482351893968002409e-06
-2.330208926425502475e-06
-2.424139052286502121e-06
-2.552333934607502368e-06
-2.246707204704502185e-06
-2.259146801071502226e-06
-2.487528851737502325e-06
-2.396876224320502464e-06
-2.554941035642502631e-06
-2.445554525074002338e-06
-2.399744035459002329e-06
-2.451886056159002068e-06
-2.459334916259002272e-06
-2.494828734635502212e-06
-2.426671664720502012e-06
-2.565779127088002329e-06
-1.989572554052502220e-06
-2.291661075408002168e-06
-2.264323758841002565e-06
-2.258960579569002147e-06
-2.196203933226502128e-06
-2.405069970430502563e-06
-2.335758327200002550e-06
-2.485554903811002247e-06
-2.134229417194502187e-06
-2.307564391721502074e-06
-2.376242881843502325e-06
-2.379594868888502481e-06
-2.317396887053501852e-06
-2.137469671338002210e-06
-2.049498633557002136e-06
-2.290804456496502566e-06
-2.233113035022001907e-06
-2.387751370698002394e-06
-2.347378548956001903e-06
-2.457211991130502301e-06
