5.883874987363296896e+02
5.831976343462380328e+02
5.779270499521049942e+02
5.726749265742932948e+02
5.674079545068930202e+02
5.621516286697637952e+02
5.568885148176730127e+02
5.516285647319409691e+02
5.462955455024996354e+02
5.410971316410940517e+02
5.358333412228578254e+02
5.305798498104172722e+02
5.253295296155042706e+02
5.200687449988438402e+02
5.148077323764119910e+02
5.095467599902926281e+02
5.043310147097864160e+02
4.990785828535781548e+02
4.938194687890080559e+02
4.885560390073517283e+02
4.832894648323759839e+02
4.780369361109706006e+02
4.727659806486212801e+02
4.675113059905430646e+02
4.622333702730719551e+02
4.569775839005785656e+02
4.517138456405253919e+02
4.464496573298645217e+02
4.411756528491592348e+02
4.359212896499452654e+02
4.306515368062731568e+02
4.253936700673941118e+02
4.201298260007410477e+02
4.148675526405138498e+02
4.096026728613694559e+02
4.043414992936870362e+02
3.990760904815434742e+02
3.938336566039030799e+02
3.885630900925756919e+02
3.833069758686461341e+02
3.781079361090443172e+02
3.728306665260820409e+02
3.675703245088603808e+02
3.623115144519856017e+02
3.570512484366877857e+02
3.517835416840236462e+02
3.465812472538013935e+02
3.413241464950959880e+02
3.359991551551382258e+02
3.307239018585081567e+02
3.254674091151933339e+02
3.202102129815245917e+02
3.149475149046642173e+02
3.096807380578916877e+02
3.044866816401188885e+02
2.992221714389570479e+02
2.939641780302050051e+02
2.886941763174880293e+02
2.834318031115961958e+02
2.781680782636472031e+02
2.729063562899261797e+02
2.676419772293387496e+02
2.623945331856608618e+02
2.571300140430961960e+02
2.518735034169757796e+02
2.465982709836188462e+02
2.414017094828273287e+02
2.361476532717763916e+02
2.308878909555031100e+02
2.256279259674329580e+02
2.203610254312550012e+02
2.150973691340608411e+02
2.097752733183776854e+02
2.045071612221198620e+02
1.993089217180689161e+02
1.940558535320276974e+02
1.887961195301966768e+02
1.835358579856001882e+02
1.782654047320416737e+02
1.730118134739365132e+02
1.676850070292097712e+02
1.624179932352629692e+02
1.572270201112235668e+02
1.519642445422055630e+02
1.467045403450504750e+02
1.414430031603207283e+02
1.361756421418984075e+02
1.309413672943160805e+02
1.257372592495585337e+02
1.204800109577067957e+02
1.152135336479281591e+02
1.099479698514693098e+02
1.046871569203666326e+02
9.943734340494587798e+01
9.416283522521604255e+01
8.891078933956205788e+01
8.364730143878736612e+01
7.839163875569940387e+01
7.312053426997006511e+01
6.792044836624022253e+01
6.266356816213721714e+01
5.741249688938880524e+01
5.214845611187409702e+01
4.688365829558871667e+01
4.156018103317245505e+01
3.629994184208298691e+01
3.102673910716243810e+01
2.583785380067761750e+01
2.057656697522635980e+01
1.530865308006399950e+01
1.004991753487929707e+01
4.786274649789348246e+00
2.304943101995194643e-01
