-1.017335927893299116e-02
-1.008234845800686647e-02
-9.990079925557209667e-03
-9.896522063969124747e-03
-9.803761896206368912e-03
-9.710268311369518041e-03
-9.620705688797392616e-03
-9.529207249855118841e-03
-9.436628009243981305e-03
-9.346609014298668666e-03
-9.255558169191796525e-03
-9.164775069487336029e-03
-9.074375100881076905e-03
-8.984088137350187964e-03
-8.894373192268630393e-03
-8.805993105690960998e-03
-8.718093309282217568e-03
-8.629745658657711135e-03
-8.542268645555973691e-03
-8.454256067255019533e-03
-8.366426908317681210e-03
-8.281504486908279616e-03
-8.196302900557910290e-03
-8.110940919907008717e-03
-8.024353589291361930e-03
-7.938620157461176441e-03
-7.853843921024193653e-03
-7.767730110688166566e-03
-7.683884287664706492e-03
-7.598807497900205397e-03
-7.513694180491194488e-03
-7.428569443543627492e-03
-7.344454536018770428e-03
-7.259784199993106306e-03
-7.175868409047733362e-03
-7.091150386219361237e-03
-7.006889368116472720e-03
-6.923397253210758322e-03
-6.839467178542888055e-03
-6.755302463975266548e-03
-6.672505676216994308e-03
-6.588322065474820632e-03
-6.504479664593209101e-03
-6.421577162409588743e-03
-6.339097815504912865e-03
-6.255548565709213513e-03
-6.174291035035857182e-03
-6.091878271108440608e-03
-6.009267283334198545e-03
-5.927026891203778479e-03
-5.845914094812274149e-03
-5.765312759838270296e-03
-5.683563147485486480e-03
-5.602346570922722528e-03
-5.522230175766896197e-03
-5.440968069838676528e-03
-5.359588532368998043e-03
-5.278769110246572284e-03
-5.197515262095419794e-03
-5.116615642822730514e-03
-5.035293798200946892e-03
-4.954314725721871947e-03
-4.873494745641537146e-03
-4.792844756737780175e-03
-4.712236651874468323e-03
-4.630795627443107937e-03
-4.551142151366613028e-03
-4.470432349374904753e-03
-4.388869504133194495e-03
-4.307411108612236965e-03
-4.226221834789867932e-03
-4.144941725419752990e-03
-4.062265865739174593e-03
-3.980443532872120736e-03
-3.900093539337974331e-03
-3.817715666378529785e-03
-3.736083039200876338e-03
-3.654136504903056099e-03
-3.572088422265616309e-03
-3.489471817715080176e-03
-3.405492531159548183e-03
-3.323107627930438172e-03
-3.241043252922026080e-03
-3.158267407183975965e-03
-3.074436202657757598e-03
-2.991345036306170165e-03
-2.906750061795550059e-03
-2.822648322077370067e-03
-2.738607139391021836e-03
-2.653805311284567967e-03
-2.567679411860490386e-03
-2.481047816583981970e-03
-2.394122400672068270e-03
-2.306287624958436311e-03
-2.217590283513137632e-03
-2.128366676167128390e-03
-2.037548276325561961e-03
-1.945314634843878059e-03
-1.851547278659186049e-03
-1.757332514625061870e-03
-1.661101923056496153e-03
-1.563842308313113938e-03
-1.467239335635413949e-03
-1.369823455480037849e-03
-1.271618288065175847e-03
-1.173967805207241965e-03
-1.077216080950736113e-03
-9.817991780009199896e-04
-8.850513222525899356e-04
-7.887797393762358868e-04
-6.933938588862161023e-04
-6.021364205638679882e-04
-5.239222899092020212e-04
