6.098746832168769165e-03
6.060140699211879686e-03
6.020259531067341172e-03
5.980429502686614336e-03
5.941274742343545003e-03
5.900829028399071086e-03
5.859592712302333709e-03
5.818687261179324166e-03
5.776774449690597404e-03
5.735607683672643876e-03
5.693542196743590390e-03
5.650954675105537145e-03
5.608371467803923219e-03
5.565216982849828867e-03
5.521824353962867526e-03
5.477791901543639305e-03
5.433915881012845242e-03
5.388905524731857181e-03
5.344254076611441688e-03
5.298509390514661264e-03
5.251692889353481997e-03
5.205603837385325630e-03
5.158486299679928763e-03
5.111184212514141220e-03
5.063167061276309909e-03
5.015769761168442295e-03
4.967928195985126492e-03
4.919608446115747435e-03
4.871771455616758298e-03
4.823800125607303688e-03
4.774822290660907416e-03
4.726392302057026359e-03
4.677988125086662494e-03
4.629094047775252768e-03
4.580786311101299121e-03
4.532064137781410991e-03
4.482980266859284794e-03
4.434495716776485491e-03
4.385306442152071306e-03
4.335548828087063163e-03
4.286562847971011822e-03
4.237241986085239602e-03
4.186236450205538945e-03
4.136594839721135022e-03
4.086145072198271028e-03
4.035559403077609679e-03
3.985337105224183787e-03
3.933732732008377204e-03
3.881722699589732709e-03
3.829644679179634078e-03
3.777619286235568089e-03
3.725561796116105828e-03
3.672770162143628933e-03
3.620606784818658150e-03
3.569163120635167417e-03
3.515902302575057460e-03
3.463449418398075255e-03
3.411149321239086152e-03
3.358454945799241743e-03
3.305956426356659265e-03
3.252765753456223104e-03
3.199840375054168080e-03
3.146844479566885538e-03
3.093661914643547686e-03
3.040515686846933640e-03
2.987362466849885923e-03
2.934467697921007510e-03
2.881345087397135536e-03
2.828447343063816930e-03
2.775385096057521751e-03
2.722130414769070774e-03
2.669578933127456522e-03
2.616110617800212514e-03
2.563379496115534249e-03
2.511425810418472203e-03
2.458402913135896047e-03
2.406234849548932221e-03
2.353961121911792628e-03
2.301715883772166311e-03
2.249640280878175119e-03
2.196916337356708254e-03
2.144914115374718828e-03
2.093432217244173710e-03
2.042380525403098522e-03
1.991060191733646113e-03
1.939759942044163047e-03
1.889051016794575160e-03
1.838519090916611743e-03
1.789027329238316623e-03
1.739596526158486292e-03
1.689868926485765680e-03
1.640696648859215571e-03
1.591857728107612087e-03
1.544525552164424578e-03
1.498335485215531327e-03
1.452141289892977354e-03
1.407617040312373127e-03
1.364479775511474955e-03
1.322520808061372795e-03
1.282955293135361590e-03
1.244539920795632686e-03
1.205924601277535719e-03
1.167845858757637304e-03
1.129430263262574995e-03
1.090816133906254018e-03
1.051873594284868105e-03
1.013134237594178659e-03
9.747926180920061124e-04
9.355986939879957012e-04
8.957234766523360526e-04
8.549977399575026333e-04
8.093387455085936013e-04
7.687803753135100289e-04
