-4.797242157763914952e-03
-4.756448922117355489e-03
-4.714548889938790024e-03
-4.672649080994700603e-03
-4.630724604641011863e-03
-4.587380505842948535e-03
-4.544686465838995888e-03
-4.502448493869512167e-03
-4.458464307417264044e-03
-4.414499840010396858e-03
-4.370445557932684140e-03
-4.326204837861766239e-03
-4.281327713505519127e-03
-4.236342618074377848e-03
-4.190232867353148836e-03
-4.144494429977002223e-03
-4.098813847535884985e-03
-4.052135779044506968e-03
-4.004783654052845344e-03
-3.956998416972000096e-03
-3.908583286611373719e-03
-3.860341981496060414e-03
-3.811694687280394074e-03
-3.762376015378157950e-03
-3.713004511316602124e-03
-3.663117298409740083e-03
-3.613989119927023784e-03
-3.563558628717069816e-03
-3.513437205639138427e-03
-3.463984518639810165e-03
-3.413674834487118517e-03
-3.363301677331750113e-03
-3.312831227150592195e-03
-3.261828846418872094e-03
-3.211325766798472058e-03
-3.160347086126954076e-03
-3.109215824691090400e-03
-3.058795230209572329e-03
-3.007727032513177884e-03
-2.956282759136215875e-03
-2.904885960291149830e-03
-2.853025503439431988e-03
-2.801293890086112293e-03
-2.748953516316740391e-03
-2.696879424071489846e-03
-2.644160109779107679e-03
-2.592339016606658251e-03
-2.539531599107748040e-03
-2.484486962896111963e-03
-2.430388357188018652e-03
-2.376407023991315964e-03
-2.321746648724367593e-03
-2.267306159416280272e-03
-2.212422847319300140e-03
-2.159157947967574320e-03
-2.104343726940916589e-03
-2.050172309587900300e-03
-1.995433281373908130e-03
-1.940623115773563957e-03
-1.885947337327772066e-03
-1.831651466754385905e-03
-1.777417580953835922e-03
-1.723214055042021978e-03
-1.668533886318202030e-03
-1.614379397579615918e-03
-1.559827700296733972e-03
-1.505458943666933974e-03
-1.450812967023687797e-03
-1.396846478919640039e-03
-1.342558309935675855e-03
-1.288875292410402188e-03
-1.235035117814023940e-03
-1.179909335870362157e-03
-1.125938792339999973e-03
-1.072820185981546073e-03
-1.018710865018603766e-03
-9.652712474836620034e-04
-9.116578419091541166e-04
-8.582426685493341114e-04
-8.048580039012340290e-04
-7.516287476541760448e-04
-6.986505185753799987e-04
-6.459957562523079662e-04
-5.932590668765440767e-04
-5.405483099057419808e-04
-4.878484914242640024e-04
-4.356755063061459941e-04
-3.850742779277979699e-04
-3.334236986892660120e-04
-2.831196326042200091e-04
-2.318830044956839923e-04
-1.818773284935579779e-04
-1.323553271894320038e-04
-8.364969436403799964e-05
-3.559185078224999424e-05
1.206510088638800286e-05
5.759864621931400135e-05
1.030789129239680074e-04
1.462266770003899986e-04
1.875496480584959891e-04
2.280233235526600284e-04
2.682553477265539978e-04
3.080471535137760050e-04
3.482293591937759896e-04
3.887728326674359889e-04
4.290637535372480429e-04
4.697271039245200014e-04
5.090744870757719530e-04
5.504346266741318942e-04
5.921183818512000584e-04
6.337453238541259281e-04
6.798772119942238885e-04
7.200948747501620699e-04
