7.336839879056458215e-03
7.252914268671515653e-03
7.167281134028616503e-03
7.082243648248610392e-03
6.997531298798589580e-03
6.911945154770490762e-03
6.828533648520698426e-03
6.743525355008523660e-03
6.658719471149327461e-03
6.575702842451011838e-03
6.492035605977406441e-03
6.408708586023163095e-03
6.326073616438723617e-03
6.242929420508785271e-03
6.161298568126673258e-03
6.079773835595737690e-03
5.999382612015491389e-03
5.918036160834528638e-03
5.837871624150407258e-03
5.757350524766337643e-03
5.676799897999117508e-03
5.597568657479803055e-03
5.518204152768434699e-03
5.439082457723560908e-03
5.359793242253974542e-03
5.281639062371532717e-03
5.203412162464759669e-03
5.125055461224234908e-03
5.046867583634666657e-03
4.968877386848566217e-03
4.890586889501160814e-03
4.812448236628522752e-03
4.735373016369765105e-03
4.657471811318512206e-03
4.579892503149155490e-03
4.501913327933564600e-03
4.424049432387881786e-03
4.347407479002200932e-03
4.269563764845760168e-03
4.191653697856055974e-03
4.116553982405750725e-03
4.039190041681727308e-03
3.962580780657216223e-03
3.885520975703156236e-03
3.809553907335914112e-03
3.733298416383688725e-03
3.658058808905010739e-03
3.582497937540038684e-03
3.506061744960531617e-03
3.430284649744410642e-03
3.355324453972124456e-03
3.281205918942279622e-03
3.206466377990365834e-03
3.131012147767065368e-03
3.057605918966336319e-03
2.982584285385474297e-03
2.908425610987361038e-03
2.833483734852540285e-03
2.758052553116214275e-03
2.683502352319818655e-03
2.609106267335356902e-03
2.534350864258320176e-03
2.459959619828473981e-03
2.385146725856625120e-03
2.310053601007603773e-03
2.235946013078196452e-03
2.162089165877846032e-03
2.087470452616130030e-03
2.012859335301655887e-03
1.938718757130795207e-03
1.863279271981552751e-03
1.788480750733407358e-03
1.712566258236291293e-03
1.637358523948000653e-03
1.562923453881370772e-03
1.487521501647912124e-03
1.411924139948150022e-03
1.336458664744128019e-03
1.260195726784803325e-03
1.184036562869416730e-03
1.107324458676855420e-03
1.030594481667253953e-03
9.558029978408175229e-04
8.785037716084920408e-04
8.016045613625430704e-04
7.241579588597084425e-04
6.465247715939834681e-04
5.693149839169291777e-04
4.916111245538250241e-04
4.126348695576150883e-04
3.338816524240501254e-04
2.537967242458275701e-04
1.735067799621420207e-04
9.322770830882251753e-05
1.025162856416699941e-05
-7.268855660626650887e-05
-1.566784718975159838e-04
-2.422281628258604732e-04
-3.285011815538279928e-04
-4.158618356687505697e-04
-5.067516636833986577e-04
-5.957848411229101733e-04
-6.862811320473587899e-04
-7.769328047749486481e-04
-8.678946453482536995e-04
-9.581456690938636297e-04
-1.048233938499303205e-03
-1.136585416908880534e-03
-1.226335182606589627e-03
-1.315887602616148564e-03
-1.403727806753275742e-03
-1.487278162450447706e-03
-1.559460103283937102e-03
