-1.106172857583160321e-04
-1.051322268083670187e-04
-9.966823760829701955e-05
-9.441773783500450701e-05
-8.931602921059251892e-05
-8.446898164434701796e-05
-7.982809004069851171e-05
-7.529902445937599719e-05
-7.099059564047902038e-05
-6.696374206554800933e-05
-6.313626937463101313e-05
-5.956844598655151857e-05
-5.622717824823102401e-05
-5.316216247784701006e-05
-5.014609851151051716e-05
-4.753035979287501857e-05
-4.527686442419101846e-05
-4.317130401313801170e-05
-4.125153710322651367e-05
-3.938422121377351003e-05
-3.817204053301401093e-05
-3.678884495659351096e-05
-3.569638214793800752e-05
-3.457510664245151569e-05
-3.352303372534851355e-05
-3.269718142664600013e-05
-3.179695216635650107e-05
-3.107924054503650427e-05
-3.014334905792000850e-05
-2.909659941684650844e-05
-2.855563544998850691e-05
-2.774158370024650715e-05
-2.662823727024451147e-05
-2.589552368920500604e-05
-2.522881128579000553e-05
-2.443936572804450939e-05
-2.350339978951500208e-05
-2.284774342093050484e-05
-2.196683430231450294e-05
-2.115896201985150587e-05
-2.065916968438250828e-05
-1.989258071042800536e-05
-1.916883852465500862e-05
-1.861771193992250344e-05
-1.800359945979200347e-05
-1.735177733897700443e-05
-1.682164605271050542e-05
-1.647790387888950584e-05
-1.590135213661750220e-05
-1.548237680996000283e-05
-1.499550179464650402e-05
-1.475949081543650332e-05
-1.442773531910850392e-05
-1.426267653648750500e-05
-1.399755505479450530e-05
-1.360184579469950505e-05
-1.344962988082100354e-05
-1.305913221963600329e-05
-1.291447312417700289e-05
-1.265891864905450258e-05
-1.246899309449150030e-05
-1.209003540232150212e-05
-1.179494722689600282e-05
-1.177856791603600256e-05
-1.144048404960300279e-05
-1.136238451736600410e-05
-1.108144211041050433e-05
-1.071945934040450389e-05
-1.059024891314300175e-05
-1.042511567910899975e-05
-1.023961998361949993e-05
-9.844580786241498535e-06
-9.716598807294500519e-06
-9.494026308131003176e-06
-9.287684217001505025e-06
-9.075497689951500226e-06
-8.950233187579001741e-06
-8.681686940887999574e-06
-8.589478865887502040e-06
-8.420250804138498709e-06
-7.949643422565499788e-06
-8.018175948231999090e-06
-7.744827585402499424e-06
-7.765301723977501017e-06
-7.543771544596001811e-06
-7.177656721168501040e-06
-7.223258211630999813e-06
-7.137899666626499599e-06
-6.939486650981499290e-06
-6.727821283822498218e-06
-6.600211561940498629e-06
-6.582417674233497572e-06
-6.383855755762498739e-06
-6.200333022717498202e-06
-6.167648852410497372e-06
-6.073951749149999353e-06
-5.839839280971499094e-06
-5.880229172523998709e-06
-5.761665297321498173e-06
-5.742010124289498203e-06
-5.467991698742997980e-06
-5.413121007361998557e-06
-5.426820067353998279e-06
-5.477186448248498097e-06
-5.356202902123498466e-06
-5.219994042039999632e-06
-5.102211906673998335e-06
-4.991577106955998181e-06
-5.214819668836499470e-06
-5.081886670924998654e-06
-4.761708369318499476e-06
-4.732076706944499303e-06
-4.550824741996001031e-06
