-7.262829928214750935e-05
-7.145571408190951501e-05
-7.026566151860102495e-05
-6.914801098900051764e-05
-6.818104905424702297e-05
-6.710496265510851354e-05
-6.604671605748550659e-05
-6.517081532253451743e-05
-6.409610694564251809e-05
-6.315603506661800171e-05
-6.212903605453051010e-05
-6.139846080081850675e-05
-6.059328612657301059e-05
-5.981503875190101645e-05
-5.883731334608700538e-05
-5.811783675803601501e-05
-5.739504546782451465e-05
-5.669661165191600626e-05
-5.598171605673851905e-05
-5.507575953927601448e-05
-5.452462512836501551e-05
-5.377792328998451637e-05
-5.311930314384650934e-05
-5.233517124174351550e-05
-5.170396256515750707e-05
-5.122415011646401463e-05
-5.044497164567951714e-05
-4.990106254060151781e-05
-4.924989116336351040e-05
-4.851715576667051393e-05
-4.808151451755400568e-05
-4.758754940795051396e-05
-4.666852030106850667e-05
-4.607112903528851007e-05
-4.557358851661300498e-05
-4.503612259663350870e-05
-4.435672038526450274e-05
-4.369806299528200587e-05
-4.317054118178401248e-05
-4.263262833567050945e-05
-4.202596335261000993e-05
-4.143568566112950958e-05
-4.084909511025451242e-05
-4.028403150150050739e-05
-3.963833496940400987e-05
-3.920768439545051492e-05
-3.869662436122150713e-05
-3.818254757558800288e-05
-3.760046352989750889e-05
-3.695033498030550142e-05
-3.645033636789301001e-05
-3.616571890822401099e-05
-3.559436108974950967e-05
-3.510758404213451420e-05
-3.457961530250250050e-05
-3.417525888276601098e-05
-3.356628478134650480e-05
-3.303522480262101498e-05
-3.270695755719800463e-05
-3.213358857112050341e-05
-3.160722131680201335e-05
-3.115374026617000940e-05
-3.062033392524100953e-05
-3.026525111177801072e-05
-2.971448913931200834e-05
-2.929717186168950932e-05
-2.872767623544000791e-05
-2.823084334981000956e-05
-2.779635665987301141e-05
-2.744741908075250890e-05
-2.687166648862700780e-05
-2.633285979024550821e-05
-2.592667842212850862e-05
-2.529599115936551033e-05
-2.474124409553801155e-05
-2.424016541163501003e-05
-2.385722420248600925e-05
-2.338541918036000962e-05
-2.275774866900150779e-05
-2.237179070844800717e-05
-2.191465976105501018e-05
-2.140229619226850923e-05
-2.090941115415551068e-05
-2.032177777563451019e-05
-1.993257960060950635e-05
-1.940587715169050952e-05
-1.887716353516850942e-05
-1.830736995816300801e-05
-1.780234342674300670e-05
-1.717217757780301177e-05
-1.666543782953600715e-05
-1.608037427628550991e-05
-1.545989182691551110e-05
-1.491307770196651022e-05
-1.433546291761600753e-05
-1.374641427300400880e-05
-1.316559651802650797e-05
-1.254474163021150748e-05
-1.182779762358650851e-05
-1.128437268848700746e-05
-1.054951439265750771e-05
-9.974841872022509944e-06
-9.405048295017010238e-06
-8.676633184286010160e-06
-8.109707383307008613e-06
-7.498349675839509335e-06
-6.909375518916508067e-06
-6.300103466741008682e-06
-5.727293138331007436e-06
-5.110348854188507596e-06
-4.655415293621007107e-06
-3.986888284846008206e-06
-3.471843159255507822e-06
