5.134679053504979739e-07
5.789433856294980699e-07
4.350314084974979961e-07
4.641564514884980741e-07
6.850151534534979682e-07
5.279186939444980659e-07
6.343256604729980432e-07
4.363722033154979948e-07
4.666518196219979923e-07
1.558481319494979462e-07
3.399839536214979814e-07
2.843409686744980348e-07
1.237807892189980299e-07
2.705233331889980215e-07
2.459048505584980187e-07
1.814722106934979746e-07
5.873978418429979824e-07
4.074706261274979167e-07
5.188310846224979687e-07
5.800234703439981483e-07
5.662058348584980292e-07
4.677691486369980971e-07
4.565586141864980284e-07
4.435231090114979880e-07
5.244549739979979898e-07
3.094808715119979842e-07
4.414374281834980429e-07
2.126084459114979712e-07
4.908978592474980484e-07
3.520511069834980757e-07
4.266886851854980041e-07
1.656806272814979368e-07
6.535809638314981042e-07
5.420342838339979729e-07
5.630773136164979263e-07
6.425194065829980354e-07
7.264308156094980343e-07
7.161141443709981766e-07
6.974547498204980092e-07
9.198404681059980341e-07
4.904881719419980224e-07
5.147342115674979197e-07
5.126112864389980541e-07
4.545846662599980038e-07
5.483658149189980198e-07
4.359997603104980481e-07
7.275853889249979538e-07
3.946958310559980083e-07
5.901539200799980327e-07
7.063188933394981595e-07
3.962600916769979539e-07
3.459430417014980286e-07
3.400584422224979284e-07
3.997983002244979770e-07
5.095944980984980834e-07
5.558519193194978803e-07
5.407679776169979212e-07
4.213255059134980093e-07
4.342865224874979968e-07
5.694833333024981319e-07
8.258358536439979125e-07
5.576396457434979844e-07
5.001344457714981455e-07
3.228143310909979714e-07
5.776025908114979653e-07
6.251635625499981050e-07
5.118664004289980548e-07
4.879928038084979983e-07
5.347344009359979799e-07
6.424449179819979825e-07
4.738772139189980912e-07
4.098542613594980203e-07
5.305257949794980104e-07
4.697430965634980687e-07
6.024817835454980473e-07
