1.884011662688826749e-01
4.704329673564117797e+00
9.958166820246376005e+00
1.521305011105662786e+01
2.046814650530036772e+01
2.571808669059415564e+01
3.090295432675266696e+01
3.616308920147609740e+01
4.141360908771830651e+01
4.672711072507361507e+01
5.198618604356484951e+01
5.723434688970077389e+01
6.249396763376302033e+01
6.773041971292792596e+01
7.291688189925302765e+01
7.818283762720146512e+01
8.342205110959882575e+01
8.867905649334106499e+01
9.392753624951032521e+01
9.919186613238231587e+01
1.044347351582924546e+02
1.096829347505071865e+02
1.149384752344234926e+02
1.202002106202487255e+02
1.254409262583170630e+02
1.306347814945267203e+02
1.358638271117028751e+02
1.411198057243565529e+02
1.463717845494894902e+02
1.516270761643611138e+02
1.568683267963638173e+02
1.620561689391882680e+02
1.673128211375197623e+02
1.726268026301588634e+02
1.778811852024121265e+02
1.831312982548267598e+02
1.883836034411620517e+02
1.936347060088202738e+02
1.988791353095196257e+02
2.040688730297383700e+02
2.093335590784886620e+02
2.146414067688046714e+02
2.198917761414330698e+02
2.251554190265229352e+02
2.304016410784844027e+02
2.356505887680669673e+02
2.408966603064145033e+02
2.460891162130854752e+02
2.513443333162670683e+02
2.565961035086679090e+02
2.618483461051835661e+02
2.670804005044030873e+02
2.723408036212106254e+02
2.775911953473459448e+02
2.828477909167930875e+02
2.880998055075372122e+02
2.933587899217666290e+02
2.986054173173217805e+02
3.038585972708979739e+02
3.090525001945892996e+02
3.143114831185849312e+02
3.195647673885271161e+02
3.248147448296659263e+02
3.300647178001034376e+02
3.353252401356148766e+02
3.406377626893632851e+02
3.458910022522914005e+02
3.510817428998579999e+02
3.563416274153030372e+02
3.615955003275964827e+02
3.668395242847020086e+02
3.720965713949906899e+02
3.773661275278012113e+02
3.825571274760490041e+02
3.878051065136613147e+02
