-1.431930516281827714e-03
-1.340280125432056569e-03
-1.231034765377186750e-03
-1.121105286015075184e-03
-1.011383354740840682e-03
-9.011230793233471377e-04
-7.922873046589771085e-04
-6.820320559712761757e-04
-5.710292767108771095e-04
-4.603138774544670046e-04
-3.492988106323530206e-04
-2.387397985250429831e-04
-1.285958825934869674e-04
-1.774286264586900065e-05
9.168211922025302140e-05
2.029348200389280844e-04
3.141896060195910464e-04
4.241385220702336258e-04
5.357407109321116190e-04
6.468914622235875543e-04
7.579510249131240617e-04
8.694044598081796492e-04
9.802679800358087437e-04
1.091767288494600386e-03
1.203770424218742439e-03
1.313330345853516105e-03
1.424496810329973400e-03
1.536278062477570939e-03
1.647479118302007167e-03
1.759771607487019707e-03
1.871687613228091704e-03
1.982212331867706182e-03
2.094697326186254187e-03
2.207743638664963655e-03
2.320024584988971718e-03
2.432356841191897923e-03
2.545017175292614738e-03
2.656900786552801857e-03
2.769729013428588391e-03
2.881416880107152446e-03
2.993260649879354082e-03
3.107446205504221966e-03
3.220661043753605002e-03
3.333781156072675687e-03
3.446776233142538181e-03
3.559873073564421772e-03
3.672702417491273234e-03
3.784001699339358503e-03
3.898005734166164020e-03
4.010979773440968843e-03
4.125382744438120877e-03
4.237750038809453244e-03
4.351431134173367084e-03
4.465468010301483839e-03
4.579486901907453035e-03
4.693243212043078129e-03
4.808232672084390702e-03
4.921837510095601262e-03
5.035614411205855713e-03
5.148478085835439186e-03
5.263291126278552522e-03
5.377374881316363507e-03
5.491629731342297094e-03
5.606787344803928694e-03
5.721704755051549261e-03
5.837793802926212472e-03
5.953213774447976836e-03
6.066831235136220350e-03
6.181763278752793259e-03
6.297369797802412385e-03
6.412585237274174427e-03
6.529790479808021166e-03
6.647109549845392311e-03
6.763982990977898679e-03
6.883069831560666152e-03
