-5.659399054768559333e-04
-6.693066671227400170e-04
-7.902832871549100077e-04
-9.109594282539479598e-04
-1.031242171829242164e-03
-1.152005875122956088e-03
-1.270976859651839997e-03
-1.391741492875403843e-03
-1.512450888265877988e-03
-1.635144493575893965e-03
-1.755764243728828071e-03
-1.876818233924518143e-03
-1.998982113994780038e-03
-2.120129692330573624e-03
-2.240016322986961884e-03
-2.362130619197622475e-03
-2.483979922598225989e-03
-2.605591126760035611e-03
-2.727687084754053942e-03
-2.850084451611054233e-03
-2.972211134487316025e-03
-3.094261711904653777e-03
-3.216664658340754029e-03
-3.339062657550052014e-03
-3.461987220237613874e-03
-3.582809397520295928e-03
-3.704127227413027846e-03
-3.827523748098062006e-03
-3.950594718941208630e-03
-4.073540446832156839e-03
-4.196401290726396727e-03
-4.317838077245540751e-03
-4.440464950789520769e-03
-4.565225083409400059e-03
-4.688014917860294610e-03
-4.811164746754721146e-03
-4.935066144953916163e-03
-5.058230815528748196e-03
-5.181464189320898577e-03
-5.303799213680754181e-03
-5.428503848087187604e-03
-5.553510858483644633e-03
-5.677807811643836335e-03
-5.802225358106975761e-03
-5.926006944144297621e-03
-6.049715921258933503e-03
-6.173600208748888409e-03
-6.296399565681446396e-03
-6.420565435929982689e-03
-6.545013558486590874e-03
-6.669157296404696136e-03
-6.793430182980370914e-03
-6.917888423173746554e-03
-7.042850908528987090e-03
-7.167596125074071796e-03
-7.291868751269388674e-03
-7.417192086603622246e-03
-7.542016309988765037e-03
-7.667697482329279175e-03
-7.791545986118606458e-03
-7.917393578705076915e-03
-8.042686709917782825e-03
-8.167590274917726351e-03
-8.293084084992062913e-03
-8.419904198215661523e-03
-8.546864358874670803e-03
-8.672449971623799256e-03
-8.797253587763467775e-03
-8.923312534806245380e-03
-9.050006921514124753e-03
-9.176846488870186308e-03
-9.304228912075484040e-03
-9.433795889287209871e-03
-9.562504094881053851e-03
-9.694617629191213878e-03
