4.741866602932194911e-04
4.855355966784895413e-04
4.999748625002546285e-04
5.135809406937085018e-04
5.275138298723409469e-04
5.415216620503060648e-04
5.551111523640071040e-04
5.694848849029810617e-04
5.832899060758045193e-04
5.973299470068326117e-04
6.111391337458721429e-04
6.256245927215679792e-04
6.391226265412945379e-04
6.531945414923860400e-04
6.666185993192230534e-04
6.804555688972211639e-04
6.940869752209706100e-04
7.080885590496115633e-04
7.223045207681546209e-04
7.359218683059251575e-04
7.500429518153874922e-04
7.636088992414571605e-04
7.772197752745706699e-04
7.911236170673575192e-04
8.047947078478256619e-04
8.187318741703406661e-04
8.320484827043380348e-04
8.458743317082416434e-04
8.594554908895106439e-04
8.740801616004432659e-04
8.877747580759872120e-04
9.013777492873346247e-04
9.152188472389931329e-04
9.293879835301616620e-04
9.430546483965251926e-04
9.568547973445779876e-04
9.703634682351776472e-04
9.843309092978696963e-04
9.976510511246396845e-04
1.011328204291654046e-03
1.025830585880102607e-03
1.039671572254094629e-03
1.053640054708340724e-03
1.067309025513145208e-03
1.081466222993997944e-03
1.095092496745088623e-03
1.109497508223238321e-03
1.122931198921949631e-03
1.136715206300915534e-03
1.150571516007773592e-03
1.164815520913163550e-03
1.178970449648131117e-03
1.192522821791443168e-03
1.206037741031366775e-03
1.220160089087716235e-03
1.234122137229860545e-03
1.247840685711146562e-03
1.261222976298157113e-03
1.275354845648714710e-03
1.289420475057926696e-03
1.303516230437093675e-03
1.317295291206178323e-03
1.331190467133533785e-03
1.345535747367550142e-03
1.359528442175426521e-03
1.373102869504150281e-03
1.386856602142938922e-03
1.400503257414443484e-03
1.414875055940531621e-03
1.428811664374714198e-03
1.442789147427391136e-03
1.456689381542294664e-03
1.470318444735047589e-03
1.484554639203782694e-03
1.498222940542588049e-03
