9.816511203071781166e-04
9.684634320202400309e-04
9.519816585997000228e-04
9.355901463189560075e-04
9.189599963833679653e-04
9.030151018776079799e-04
8.869563577890880127e-04
8.712517751967421625e-04
8.551532953714939631e-04
8.389795483220878263e-04
8.223486914773258999e-04
8.061594668375839752e-04
7.901089824246759850e-04
7.735328552322800208e-04
7.579193523061420693e-04
7.415408248307520447e-04
7.254208772900618343e-04
7.096445620194280100e-04
6.939016203029559418e-04
6.777439461358219976e-04
6.616619484560519980e-04
6.449613308375400826e-04
6.296448785874659681e-04
6.128153058533179938e-04
5.973508491456559896e-04
5.811278044828001137e-04
5.645216894591280387e-04
5.485801806762540238e-04
5.325441692985399518e-04
5.163853789590260078e-04
5.003891777295320017e-04
4.842837032240360348e-04
4.679600170182499942e-04
4.518791355108599944e-04
4.351586500239840172e-04
4.191517335396420453e-04
4.027170997992839899e-04
3.872464297320400445e-04
3.707131635590359977e-04
3.545949274826620291e-04
3.388339409793800000e-04
3.229546029980720186e-04
3.065682623160219411e-04
2.905288652154220069e-04
2.743510255339560154e-04
2.582058897032239752e-04
2.424284210544640173e-04
2.263653238936620183e-04
2.101456277479459792e-04
1.936426098464400034e-04
1.782059458310400002e-04
1.620157538419019871e-04
1.453655872149659987e-04
1.296411367542559781e-04
1.137728116737640022e-04
9.802845613894400293e-05
8.142275037847801641e-05
6.512261540991000732e-05
4.878970217911600301e-05
3.251527638103400835e-05
1.666451241265400006e-05
3.539970409520019581e-07
-1.590443028634999623e-05
-3.131694777259599698e-05
-4.809889715186399468e-05
-6.430359938194199867e-05
-8.095529144446400767e-05
-9.699093076471798939e-05
-1.127174647472040168e-04
-1.291610650723479877e-04
-1.450722511722319892e-04
-1.617532613626019927e-04
-1.779705019290819888e-04
-1.938214891319379963e-04
-2.094646450376380208e-04
