-4.533105305702001353e-06
-4.582913300998998447e-06
-4.498336495830998319e-06
-4.576584930893998078e-06
-4.750950140139999187e-06
-4.567352955681998965e-06
-4.427384299241999074e-06
-4.414392527673498058e-06
-4.611279289351998039e-06
-4.531541826028998641e-06
-4.495246762191498667e-06
-4.644819650908497792e-06
-4.274907805417998663e-06
-4.407207966319000459e-06
-4.425225208265000573e-06
-4.257709529014997631e-06
-4.277327476340499452e-06
-4.148228726198497684e-06
-4.028771434039999229e-06
-4.302417602521498484e-06
-4.262883902218498640e-06
-4.103148395626997557e-06
-4.142979901581997837e-06
-3.993630367103999462e-06
-3.978888987329999060e-06
-3.964408187501499252e-06
-4.053638205982000051e-06
-4.125074336755500639e-06
-4.259347460100999181e-06
-3.944566885936999222e-06
-3.994188752701499644e-06
-3.998506934655499188e-06
-4.051851372069999977e-06
-3.843573544202498993e-06
-4.010381935028999841e-06
-4.137656625552500845e-06
-3.827492038994500018e-06
-3.969024175107499233e-06
-3.991359599007502279e-06
-3.730407396442501911e-06
-3.973193454235498559e-06
-3.832554735078498111e-06
-3.678961470059499030e-06
-3.903209126015499461e-06
-3.773998698754000706e-06
-3.762235375500001699e-06
-3.741835688338001909e-06
-3.908979110523002189e-06
-3.966790632717501893e-06
-3.905182088460002137e-06
-3.741612334099000735e-06
-3.770611159462501465e-06
-3.680562175439000314e-06
-3.680487724025999782e-06
-3.625505355525500831e-06
-3.791606457928501702e-06
-3.661688742243502971e-06
-3.605329022602503063e-06
-3.429772590748502327e-06
-3.644676594373002422e-06
-3.789670721190501410e-06
-3.739899951600001617e-06
-3.477384269362000654e-06
-3.740086080132501254e-06
-3.601010840648502248e-06
-3.933994785291002382e-06
-3.747791801378001733e-06
-3.417488107603502981e-06
-3.796706379719003026e-06
-3.562445008714502973e-06
-3.586902297885002561e-06
-3.765697366204502319e-06
-3.828087650298501737e-06
-3.701036314014003601e-06
-3.804077069606001956e-06
