-3.834449229307508366e-06
-4.815861775727008232e-06
-5.851128921293506195e-06
-6.713882579136007884e-06
-7.694736467888007778e-06
-8.699612636342508987e-06
-9.592273101318507454e-06
-1.052281055615100738e-05
-1.156154137925601024e-05
-1.254239526800800760e-05
-1.371218717990850716e-05
-1.484138330130400880e-05
-1.592562610238800765e-05
-1.712055760932600763e-05
-1.821291956851100945e-05
-1.936338192511601169e-05
-2.061149764200000895e-05
-2.176069370789201126e-05
-2.289033675542151457e-05
-2.413778208310450848e-05
-2.521427816453251111e-05
-2.636410737578100661e-05
-2.750503530819400935e-05
-2.882346740349400640e-05
-2.987214233308050707e-05
-3.098755823201101111e-05
-3.222710786466000880e-05
-3.349120119083451541e-05
-3.468535057703800526e-05
-3.566218213058400960e-05
-3.697752298679050681e-05
-3.820400003002000179e-05
-3.949088658902850723e-05
-4.079129266359050860e-05
-4.189471604459200986e-05
-4.317635122152600540e-05
-4.434524928115851010e-05
-4.576826209181450520e-05
-4.703704814239601157e-05
-4.808981989487750864e-05
-4.949026293576651168e-05
-5.074813653990951521e-05
-5.202414789632401444e-05
-5.322030845013051774e-05
-5.462414068086901721e-05
-5.576089730269800660e-05
-5.707225306754300741e-05
-5.849224912679451283e-05
-5.995436797417551272e-05
-6.153063920494901016e-05
-6.289629649507500820e-05
-6.462254868765002170e-05
-6.622630587566451774e-05
-6.808779046761901418e-05
-6.959966709125201152e-05
-7.151969900676051852e-05
-7.339079251059602124e-05
-7.520080610945151353e-05
-7.711923653964650367e-05
-7.928429570812051510e-05
-8.153281833211901888e-05
-8.388398499155951741e-05
-8.669772019969001944e-05
-8.978497420182852105e-05
-9.283207933959600438e-05
-9.652164079498852945e-05
-9.996844687193001948e-05
-1.037530546184865261e-04
-1.077011255985535211e-04
-1.119977244754515185e-04
-1.162091094361335068e-04
-1.207509217852195053e-04
-1.253852850878880228e-04
-1.299803561346089982e-04
-1.348930054433815015e-04
