4.243050499534980064e-07
3.041549365404979628e-07
4.928718071739980201e-07
4.275825483974978974e-07
4.750690315349980371e-07
5.847162522069979849e-07
5.008420874809980654e-07
6.205080249874980300e-07
6.666909576074979857e-07
6.839723130394980750e-07
7.879584000354980812e-07
6.372679602124980669e-07
5.834871902904979067e-07
5.063542439549981660e-07
6.057592819894981500e-07
3.406915953309980072e-07
5.054231364424979816e-07
5.915692034989980842e-07
4.881790253109980775e-07
6.645307881784979349e-07
4.684395460459979906e-07
6.152193343164980880e-07
4.619590377589979968e-07
4.195005351889980375e-07
3.176746176219980293e-07
3.300024810874979380e-07
3.992768800174980834e-07
3.859434204384979903e-07
4.238208740469979804e-07
2.371896842414981329e-07
3.027768974219980436e-07
5.283656255504980654e-07
4.692589206569980427e-07
6.539906511369979185e-07
4.095935512559980999e-07
5.876585519464981145e-07
4.854229470739979213e-07
3.952172512629980078e-07
4.557764838759980556e-07
5.555912092159980658e-07
4.592402038224980259e-07
3.313060316049979633e-07
5.079185045759978998e-07
3.578612178614980701e-07
3.464644619084979222e-07
6.324262011474980186e-07
4.916799895579980212e-07
6.968215967119980362e-07
3.985692383079978987e-07
4.117909649854979655e-07
3.904499807989979595e-07
3.380844942959980097e-07
4.837469535514979494e-07
4.826296245364980034e-07
6.320165138419979925e-07
2.930188906909980000e-07
6.693353029429980097e-07
5.535427726884980413e-07
5.902656529814980590e-07
5.614013200939980602e-07
4.183832061739979856e-07
