3.141649424680405787e+02
3.089002951653690729e+02
3.037202707890623401e+02
2.984799619848216139e+02
2.932216273125292219e+02
2.879705351765076102e+02
2.827269359360352041e+02
2.774669664772636111e+02
2.722238023850609352e+02
2.669654602615996168e+02
2.617286043290747557e+02
2.564718567557800384e+02
2.512284989331833174e+02
2.459712312682920867e+02
2.407824040809255450e+02
2.355393443050889459e+02
2.302956169045096999e+02
2.250477079078860356e+02
2.197991357572211655e+02
2.145463030281204624e+02
2.092330487695760723e+02
2.039751656381253042e+02
1.987850553594564076e+02
1.935470161812938557e+02
1.883028491617434952e+02
1.830495261457223819e+02
1.777938783649724428e+02
1.725515800986079569e+02
1.672398160738640627e+02
1.619872828817573236e+02
1.567990234734687363e+02
1.515483843685224770e+02
1.463025065605690429e+02
1.410512177136857304e+02
1.357994385798820645e+02
1.305763166420631478e+02
1.253807327346447948e+02
1.201479570622658599e+02
1.149068614145784011e+02
1.096586364883890496e+02
1.044093713790069273e+02
9.916523416413249947e+01
9.390382066880819423e+01
8.866003067840931351e+01
8.341095333848602422e+01
7.816171505331230662e+01
7.289952514617790769e+01
6.770918835197133490e+01
6.246661588258752573e+01
5.722350096810029640e+01
5.197239094927306269e+01
4.671216368005399033e+01
4.140237570532968903e+01
3.614838357433216487e+01
3.088874941816572317e+01
2.570817514558662964e+01
2.045791306979191404e+01
1.520422792695731040e+01
9.954961327341370847e+00
4.696222801689067694e+00
1.789158281283140528e-01
