1.984880338981000059e-05
3.603464230666600555e-05
5.206909104304799786e-05
6.807541223545399871e-05
8.467739742132000390e-05
1.004394256854900094e-04
1.168447040922540044e-04
1.327845386165580331e-04
1.487656343131760163e-04
1.648860655285640134e-04
1.806883504099060088e-04
1.964135821912820184e-04
2.126815713953060353e-04
2.293894441342880037e-04
2.450955149564740254e-04
2.613022635025819907e-04
2.771789226701780484e-04
2.932582415362359617e-04
3.088808598701440382e-04
3.254191488188580301e-04
3.417710741858580228e-04
3.574266196049760399e-04
3.735301594116800469e-04
3.892504056230919741e-04
4.059421310683100246e-04
4.214903007044720155e-04
4.380641583463620089e-04
4.537426597107620187e-04
4.699956922048940055e-04
4.857504653485939850e-04
5.022877125364199734e-04
5.186817176021461112e-04
5.349284623252039978e-04
5.506723341853258851e-04
5.664937800258580854e-04
5.827191686507120910e-04
5.988393394258780195e-04
6.144025029776780658e-04
6.306763334838240420e-04
6.471906247263679293e-04
6.631847796398320080e-04
6.785083381873920202e-04
6.958703995582919601e-04
7.113789822807100368e-04
7.273541250579680390e-04
7.435100877607861208e-04
7.594926716872439773e-04
7.756159305393279992e-04
7.915619412174678760e-04
8.073824941200961197e-04
8.235580642510560321e-04
8.398306669675838785e-04
8.565944599428039138e-04
8.725929679285499702e-04
8.887249701309441353e-04
9.049512144879561263e-04
9.209484202725918937e-04
9.369616617337539911e-04
9.534377054694100073e-04
9.693075187797420191e-04
9.834586498593501317e-04
