5.203388518217218033e-03
5.094080044777175853e-03
4.986537442895720186e-03
4.875947153358589983e-03
4.766055579262617851e-03
4.655092231904813492e-03
4.544633679923281919e-03
4.434406431982276450e-03
4.324030243899271847e-03
4.213669508355999405e-03
4.103283713633836156e-03
3.992732223003696811e-03
3.881944401603239399e-03
3.771355452527386763e-03
3.661790764808069143e-03
3.551206916932080505e-03
3.440231654362916475e-03
3.328930026707593512e-03
3.218146673511396248e-03
3.106837710554081165e-03
2.994372823154703607e-03
2.882936367435836537e-03
2.773410999914005352e-03
2.661139027233553386e-03
2.550619893849264200e-03
2.438891068631651032e-03
2.327439793368654350e-03
2.215798619424608120e-03
2.102642128475853273e-03
1.990966735534182436e-03
1.880700092925618279e-03
1.768363666398715733e-03
1.656431500652236774e-03
1.544931261317557909e-03
1.433189515542625811e-03
1.321085286697101227e-03
1.210255575881706179e-03
1.098341022307018936e-03
9.862074150184846517e-04
8.740653181418565421e-04
7.616731135317751644e-04
6.494264606754630940e-04
5.365223860323630823e-04
4.230273169058071251e-04
3.107567219216685267e-04
1.979753367205410992e-04
8.504262833514150233e-05
-2.643467421766950532e-05
-1.396592308113180417e-04
-2.526915801517155510e-04
-3.657490259060400197e-04
-4.796577390419656242e-04
-5.936560024382686856e-04
-7.074030038150176409e-04
-8.206912695544065937e-04
-9.331131132527458946e-04
-1.046226448795356057e-03
-1.160563513779673626e-03
-1.273154292834076731e-03
-1.385365125586237537e-03
-1.481508146879296573e-03
