-7.845150230039708156e-03
-7.725531679560478961e-03
-7.606139474006738850e-03
-7.485266410962664041e-03
-7.363848409026489857e-03
-7.241642347338232352e-03
-7.120615176319416810e-03
-6.998868685963028670e-03
-6.877131383313558714e-03
-6.755399697440383697e-03
-6.633739802151625981e-03
-6.511637892606568327e-03
-6.390000018056661048e-03
-6.267499949747026844e-03
-6.147670900346950684e-03
-6.025607229517324082e-03
-5.902966407025594595e-03
-5.780726830665542347e-03
-5.658660556032336746e-03
-5.535915878974958550e-03
-5.412885713453629601e-03
-5.289930314292242385e-03
-5.168644697169514843e-03
-5.046969811411576926e-03
-4.924718331949444299e-03
-4.802268889020844082e-03
-4.679300210461197901e-03
-4.556784854104829752e-03
-4.432355813708744284e-03
-4.309239834260858611e-03
-4.188119633059848163e-03
-4.065638163347214985e-03
-3.942476170970350170e-03
-3.819498527886950028e-03
-3.696443626231611917e-03
-3.573965020702916072e-03
-3.451919390512380153e-03
-3.328729463042821857e-03
-3.206388821906672182e-03
-3.083363826795309723e-03
-2.959546605846135811e-03
-2.836569260340287679e-03
-2.713256954102470468e-03
-2.589201336336949787e-03
-2.465528105725750020e-03
-2.342167554727314031e-03
-2.218328870997202194e-03
-2.096236818708554096e-03
-1.972456162601081940e-03
-1.849426927009603996e-03
-1.725662488878715924e-03
-1.601593108151416105e-03
-1.476353094531741936e-03
-1.352639318979082178e-03
-1.229257677171647842e-03
-1.107725182272341910e-03
-9.838567407870299920e-04
-8.599286350025419062e-04
-7.354736309650440444e-04
-6.121688757576079906e-04
-5.053143936107019549e-04
