1.303963136183981840e-03
1.290307405928935299e-03
1.276799292926668068e-03
1.263027670668683683e-03
1.249691387272826477e-03
1.235301475972210277e-03
1.222313686821388220e-03
1.208199335164471125e-03
1.193938779571883683e-03
1.180221904755595057e-03
1.166114805647000497e-03
1.152468782648939606e-03
1.138404640941947715e-03
1.124785173428513628e-03
1.111003471987988571e-03
1.097311850916884383e-03
1.083718306614634081e-03
1.069765110300698562e-03
1.055850259511483804e-03
1.042298854374614555e-03
1.028213029407765980e-03
1.014297137226997068e-03
1.000347251050501089e-03
9.863584614609522457e-04
9.725820785558636841e-04
9.584505811308612197e-04
9.453484248718766565e-04
9.311667918820601235e-04
9.173932728037450515e-04
9.034948239315056164e-04
8.899219586901130873e-04
8.765207370923530725e-04
8.623577003802865466e-04
8.485248591759491591e-04
8.347501871284136645e-04
8.205019050791411469e-04
8.066102252520026281e-04
7.927602382795796536e-04
7.791773682407575861e-04
7.650584047069585846e-04
7.513739617990661214e-04
7.376551529698915661e-04
7.235502110295162319e-04
7.097766175660901334e-04
6.960864470046505825e-04
6.814991920045510541e-04
6.675251678595354923e-04
6.540018431020691450e-04
6.398196894164756435e-04
6.264076447850650160e-04
6.127473398456921355e-04
5.992426485585311460e-04
5.856494389892800837e-04
5.711941803686501574e-04
5.576666156598566017e-04
5.441557876010381500e-04
5.299726297164459535e-04
5.160314094053814696e-04
5.021115748137295644e-04
4.884648823496695429e-04
4.760067151891675548e-04
