-3.714512019767002573e-06
-3.776492821089502874e-06
-4.129429744416003414e-06
-3.910244784544002771e-06
-3.842977932898502356e-06
-3.749466958170501432e-06
-3.860138983595001005e-06
-3.945758108545000118e-06
-4.090677783949500268e-06
-3.866355676580500999e-06
-4.117443066923001539e-06
-3.662544933493001471e-06
-3.577930902618501500e-06
-3.704200499066502938e-06
-3.728620562530501413e-06
-3.947582168163500035e-06
-3.816175424218499548e-06
-3.689124087933999294e-06
-3.765027303487497950e-06
-3.732938744484498839e-06
-3.399210285711999733e-06
-3.623011233190002051e-06
-3.731189136279001996e-06
-3.957260851853499802e-06
-3.728769465356501631e-06
-3.845434829527500447e-06
-3.918806697038997939e-06
-3.671702457291999628e-06
-3.707364684118998464e-06
-3.795664059936998959e-06
-4.032494004689999595e-06
-3.688454025217000854e-06
-3.849157400177499966e-06
-3.830246741275500239e-06
-4.059594319021998605e-06
-3.898630364115999323e-06
-4.018311010513498529e-06
-4.096261639924498700e-06
-4.191633899977498960e-06
-4.159805920919997054e-06
-4.136316500118497189e-06
-4.221600593709998565e-06
-4.162970105972498085e-06
-3.941067669525998758e-06
-4.326614311746497902e-06
-4.269249498029998852e-06
-4.232917208485998188e-06
-4.356990488250499165e-06
-4.219069245667999095e-06
-4.116959132738498502e-06
-4.296535940894498769e-06
-4.283246363673998163e-06
-4.433973249292499189e-06
-4.423810631417998926e-06
-4.457276541561498147e-06
-4.499416041319498840e-06
-4.399427793660498600e-06
-4.324194640823997960e-06
-4.389525755731498082e-06
-4.422544957396999191e-06
-4.207343148120501201e-06
