-8.155900075480252093e-05
-7.910813232363550376e-05
-7.750564142633401443e-05
-7.537812405311601464e-05
-7.331444262937101837e-05
-7.142923370847001298e-05
-6.975862381957801696e-05
-6.789911315138200348e-05
-6.623364291303102753e-05
-6.447711147487751896e-05
-6.320046697310650961e-05
-6.125946677314451385e-05
-5.974338159508300655e-05
-5.831884178680251491e-05
-5.706461807942051119e-05
-5.596033808999550658e-05
-5.451266985428051274e-05
-5.305535546284000922e-05
-5.184284486129801014e-05
-5.057703831827651717e-05
-4.919808497566400965e-05
-4.797842355597800416e-05
-4.673004713218251031e-05
-4.556092560948300563e-05
-4.425336871677701140e-05
-4.296663113314651272e-05
-4.167922316031501408e-05
-4.049140522767651036e-05
-3.917956529285301296e-05
-3.815982883044301082e-05
-3.688325881636100824e-05
-3.568825282173400826e-05
-3.456363769321201148e-05
-3.333909732989650962e-05
-3.215113042188001268e-05
-3.100536078968201020e-05
-2.971474984622350494e-05
-2.875426834041300994e-05
-2.739501699154101158e-05
-2.619524378481800846e-05
-2.508846845781151076e-05
-2.392228919882750932e-05
-2.261946227437301146e-05
-2.149060134757800811e-05
-2.038170312143501052e-05
-1.935608213159400868e-05
-1.810610422248500813e-05
-1.691690826760000786e-05
-1.571058014424500508e-05
-1.447650535673750879e-05
-1.352559551896350822e-05
-1.230544992929900953e-05
-1.131219384032850773e-05
-1.032024128591550755e-05
-9.318866038844007862e-06
-8.316075525681509935e-06
-7.415668341049508474e-06
-6.391388129610507409e-06
-5.560626934193508322e-06
-4.466104832027508302e-06
-3.663425495363508205e-06
