-3.181933526193432837e-01
9.456573508543053563e+00
1.996489699298638598e+01
3.039167277436404646e+01
4.090965675452704176e+01
5.147849251076993227e+01
6.197529197794273159e+01
7.241020762145457468e+01
8.291575818583022794e+01
9.340827900752225332e+01
1.039211047600324633e+02
1.144075281392100862e+02
1.249032244016247546e+02
1.353392432498947073e+02
1.458259647925204376e+02
1.563417870876844518e+02
1.667763002105413079e+02
1.773215810543813120e+02
1.878455730280242619e+02
1.983340835513388356e+02
2.087789578540185005e+02
2.193382821962657658e+02
2.298420437799526042e+02
2.403430324435717580e+02
2.507951223016963240e+02
2.612863312042164807e+02
2.717788967504257585e+02
2.822739519614269739e+02
2.928016560699992397e+02
3.033018993249980326e+02
3.137393493578190373e+02
3.242401889397140735e+02
3.347569802660844971e+02
3.453125626570577538e+02
3.557689758851802253e+02
3.662551756417717570e+02
3.767612778085264154e+02
3.872048700083790891e+02
3.976913828365911172e+02
4.081985434835867750e+02
4.187076869175124898e+02
4.292135505535086963e+02
4.397291790424313831e+02
4.502251734682941446e+02
4.607206610162952529e+02
4.712261519479812364e+02
4.817564798948972111e+02
4.922520121674153870e+02
5.027453976631069850e+02
5.131950723973014874e+02
5.237159485629115352e+02
5.341966770202296857e+02
5.446618264373827287e+02
5.552482985615829421e+02
5.657506587770635633e+02
5.762534364213715889e+02
5.867198083086617544e+02
5.972788792119782784e+02
6.078008436741738478e+02
6.183062898813426500e+02
6.288253174335741278e+02
6.392877684715215310e+02
6.497992972130323324e+02
6.602385809510593617e+02
6.707499457026736991e+02
6.813528764492110668e+02
6.918534178676582087e+02
7.023776036475422870e+02
7.129100187385951131e+02
7.234523477642986791e+02
7.339859107846268671e+02
7.444462001375751470e+02
7.550006644156179618e+02
7.654692128960796254e+02
7.760197265084344735e+02
7.865718352952367241e+02
7.970832447713682996e+02
8.076310152800002697e+02
8.181931721750047473e+02
8.287220838455421017e+02
8.392770997259638079e+02
