1.676593127860955238e+09
1.676593130055263281e+09
1.676593132159054756e+09
1.676593134247477293e+09
1.676593136354311228e+09
1.676593138471984386e+09
1.676593140595260143e+09
1.676593142733002424e+09
1.676593144824726582e+09
1.676593146929758310e+09
1.676593149035259962e+09
1.676593151138481855e+09
1.676593153241257191e+09
1.676593155361966133e+09
1.676593157498685598e+09
1.676593159604307890e+09
1.676593161722034216e+09
1.676593163821984291e+09
1.676593165936465263e+09
1.676593168041835546e+09
1.676593170195265055e+09
1.676593172297488451e+09
1.676593174392155409e+09
1.676593176482991695e+09
1.676593178576970339e+09
1.676593180668259621e+09
1.676593182791754484e+09
1.676593184960933208e+09
1.676593187067478418e+09
1.676593189175997734e+09
1.676593191280969620e+09
1.676593193367484570e+09
1.676593195471985340e+09
1.676593197622995377e+09
1.676593199712970734e+09
1.676593201816460848e+09
1.676593203918502331e+09
1.676593206025044441e+09
1.676593208130966187e+09
1.676593210238484144e+09
1.676593212315263748e+09
1.676593214409316063e+09
1.676593216497470379e+09
1.676593218591543913e+09
1.676593220679764271e+09
1.676593222798484564e+09
1.676593224904309273e+09
1.676593227059266806e+09
1.676593229163101673e+09
1.676593231268499374e+09
1.676593233356460810e+09
1.676593235448499680e+09
1.676593237554305792e+09
1.676593239688488245e+09
1.676593241792765617e+09
1.676593243898495436e+09
1.676593246001986742e+09
1.676593248093364239e+09
1.676593250194084406e+09
1.676593252350860596e+09
1.676593254458489180e+09
1.676593256562605381e+09
1.676593258649769783e+09
1.676593260741983414e+09
1.676593262836449623e+09
1.676593265000968456e+09
1.676593267091996670e+09
1.676593269214242220e+09
1.676593271348494768e+09
1.676593273453005314e+09
1.676593275559501886e+09
1.676593277697471380e+09
1.676593279818500042e+09
1.676593281923020363e+09
1.676593284024308205e+09
1.676593286127265930e+09
1.676593288232389688e+09
1.676593290355259895e+09
1.676593292445729256e+09
1.676593294566458702e+09
1.676593296643105507e+09
