-6.916687910210001246e-06
1.240237657878999925e-05
3.442797127780000357e-05
5.509713686316999203e-05
7.649476890721000047e-05
9.849207364666001023e-05
1.204313095217499996e-04
1.426333442317000036e-04
1.638902709505599803e-04
1.865736072093400098e-04
2.084666857819900121e-04
2.310335120757400014e-04
2.534998345657899768e-04
2.759613179838100419e-04
2.983185752350300183e-04
3.216607697625100066e-04
3.444464710065399653e-04
3.671134288676799963e-04
3.898916853855100223e-04
4.133429451518200095e-04
4.360400541540700148e-04
4.599126854233000238e-04
4.830959350464099919e-04
5.061295456729001134e-04
5.295592157332300841e-04
5.537043239813800501e-04
5.765458606719100739e-04
6.004478986096300043e-04
6.242773504668999805e-04
6.481570542260199500e-04
6.724190446755098742e-04
6.964256810163399741e-04
7.204081219970199807e-04
7.448941987051300008e-04
7.691759176790499176e-04
7.937074072169800210e-04
8.185005788808399647e-04
8.438588052632800584e-04
8.685384448525899567e-04
8.938594476040301155e-04
9.190367671398100378e-04
9.446071682189501398e-04
9.704180339543499838e-04
9.958767641404899559e-04
1.022356538524959958e-03
1.049127773940159965e-03
1.075691301494379956e-03
1.102793454989169954e-03
1.129907892282190065e-03
1.157939147606739955e-03
1.185283254703030018e-03
1.213744815201940131e-03
1.241979311551749936e-03
1.270709998902789985e-03
1.299807339019179962e-03
1.328757273556810089e-03
1.358366066363139984e-03
1.388951979483220040e-03
1.418603207228890132e-03
1.449896741574280279e-03
1.480443942118120186e-03
1.511705836377160144e-03
1.543669396080550420e-03
1.575424503450339976e-03
1.608446330983060108e-03
1.642125900075550038e-03
1.674800058894730182e-03
1.709212189045299915e-03
1.743476169144489961e-03
1.778946939360699902e-03
1.814048823393700190e-03
1.850136761411890190e-03
1.886729079630129931e-03
1.923596852717769949e-03
1.961614463767000043e-03
2.000218719240789977e-03
2.038200967840570269e-03
2.078419984427140252e-03
2.118947584914699939e-03
2.159087315167240034e-03
2.201287373395630076e-03
