-6.406514123720001801e-06
-5.888928198240003047e-06
-5.286132224640002942e-06
-5.464738439040002565e-06
-4.514404539920002274e-06
-4.498776496160002296e-06
-3.377278308240002048e-06
-3.526488916520002480e-06
-2.905088128920002362e-06
-2.295222326000002066e-06
-1.952149555840001933e-06
-1.514564330560001925e-06
-1.277166903920002013e-06
-5.385557881200016396e-07
2.287067412399982338e-07
1.349384786799985800e-07
5.267558615199984570e-07
1.265366977319998195e-06
6.960596689199982850e-07
1.597276859079998193e-06
2.345190381879998362e-06
2.677472359919998470e-06
3.260547230679997171e-06
3.619620140879997604e-06
4.488837050959997972e-06
4.801025829879996778e-06
5.447357068239996880e-06
5.394891492759997621e-06
6.243643107439997635e-06
6.483645208039997472e-06
7.231186634559997954e-06
7.613329514119998031e-06
7.761423833559998343e-06
8.262637522719997322e-06
9.052970021439998852e-06
9.764046012519996562e-06
9.951582537639999681e-06
1.096442861179999650e-05
1.090117224419999848e-05
1.100647549144000029e-05
1.186378532055999882e-05
1.265448991555999855e-05
1.337486831363999711e-05
1.396687349511999846e-05
1.402492051479999959e-05
1.466083305731999745e-05
1.519776798935999686e-05
1.577154045311999640e-05
1.678736329751999749e-05
1.711034286855999759e-05
1.753378843519999743e-05
1.819165465823999777e-05
1.893510302567999513e-05
1.960562052223999881e-05
2.004990348055999636e-05
2.068507183051999612e-05
2.172210416287999820e-05
2.225680651723999822e-05
2.251466923927999912e-05
2.314946549295999898e-05
2.368453994359999551e-05
2.413886950147999709e-05
2.515655282727999767e-05
2.535264756683999846e-05
2.618688742659999480e-05
2.709145348327999571e-05
2.778801771943999906e-05
2.848383776303999585e-05
2.931510085256000317e-05
3.034952851095999580e-05
3.100218538607999418e-05
3.194247268563999890e-05
3.249912872051999633e-05
3.399272318843999600e-05
3.434956352095999704e-05
3.553841113555999504e-05
3.587590246151999457e-05
3.713284369535999095e-05
3.797340919187999574e-05
3.866029892475999157e-05
3.982793705139999195e-05
