-5.746662946034998152e-06
-5.644699508244998189e-06
-4.999427241354998256e-06
-4.907139166274998542e-06
-4.207536016474998444e-06
-3.783308574574998393e-06
-3.318519035159997945e-06
-3.147339541059997984e-06
-2.420943079139997682e-06
-1.505877044374998009e-06
-1.795393667004998129e-06
-1.434056082719998221e-06
-7.325922862449981968e-07
-6.417927285049980002e-07
-4.002807900899982452e-07
5.263212540600018685e-07
1.136985492795002014e-06
1.464459307595002105e-06
1.780769242345002429e-06
2.620293022105002039e-06
2.323705942110001671e-06
3.571827731700001743e-06
3.798454496715001931e-06
4.216355739920001916e-06
4.440749728925001982e-06
5.141469266730001719e-06
5.237106505825001193e-06
5.866005081975002201e-06
6.100446563025002396e-06
7.213857533345002114e-06
7.532400244105002984e-06
8.010214310245002172e-06
8.029565035665002672e-06
9.157489050050002764e-06
9.121020375220001040e-06
9.884629770640002402e-06
1.033081284330499999e-05
1.111786638683000222e-05
1.128458032891000236e-05
1.166005882792500255e-05
1.254795942123500256e-05
1.276193378886000093e-05
1.304810124747500298e-05
1.418309571922500247e-05
1.435501947199500092e-05
1.470407678822500291e-05
1.546731405431000269e-05
1.585656133872000181e-05
1.659040038734000097e-05
1.720962360078000342e-05
1.788503834380500459e-05
1.800895741236000167e-05
1.852398441200000403e-05
1.942937508405500515e-05
1.993286607431000109e-05
2.102469354319999934e-05
2.090449576799500105e-05
2.154269757752000412e-05
2.210386861470000169e-05
2.251916495256000252e-05
2.311457188856000253e-05
2.400210035253499928e-05
2.467863148356500008e-05
2.465816437014000672e-05
2.588767969298000097e-05
2.623227145718999762e-05
2.666840703781000186e-05
2.718008487343500192e-05
2.846541959652500517e-05
2.889895027180000347e-05
2.919367670512000614e-05
3.005031843429000274e-05
3.103087923201500658e-05
3.134235148541000382e-05
3.204009398853499774e-05
3.297265010204500699e-05
3.368899907192000166e-05
3.460034381333500084e-05
3.525529144293500526e-05
3.526943235766500067e-05
3.612867899218000320e-05
