-2.183988260290007510e-06
1.501782619892499468e-05
3.396079038851499310e-05
5.361027030826999950e-05
7.319382862326000248e-05
9.196956795104499927e-05
1.115724930651750148e-04
1.309340780669450020e-04
1.505813233560299950e-04
1.700903939820200153e-04
1.900601709644750325e-04
2.097535986207400231e-04
2.297311968105400059e-04
2.491263012723599914e-04
2.693173066911450108e-04
2.892114786692650250e-04
3.089924293601050450e-04
3.289711448652400888e-04
3.490332865820550200e-04
3.691505491887300838e-04
3.893698599293350746e-04
4.095940123697250313e-04
4.299302687820600569e-04
4.501689463218050196e-04
4.708415146499750348e-04
4.913327054554301066e-04
5.113508994357350264e-04
5.323165768201200063e-04
5.530450109150400863e-04
5.740229787681100588e-04
5.945748770400999987e-04
6.153498659406450967e-04
6.365423583380350582e-04
6.577709772645901195e-04
6.790189629902850443e-04
7.003455332278749447e-04
7.216266659751749152e-04
7.431234405821300713e-04
7.650894876297851220e-04
7.868156843188601037e-04
8.087780069820652224e-04
8.308993608612849332e-04
8.535194098183601944e-04
8.754534271597451791e-04
8.985788750866848928e-04
9.216760176918051229e-04
9.447236259837400642e-04
9.681701158502701004e-04
9.919592490862001732e-04
1.016184880179670088e-03
1.040398965681345106e-03
1.065197779541670079e-03
1.089935513497015084e-03
1.115219242212730317e-03
1.140180811673520249e-03
1.165965842536205227e-03
1.191697614701255200e-03
1.217889348345880347e-03
1.244250913921424997e-03
1.271738360916205247e-03
1.298804207591245383e-03
1.326212697635685339e-03
1.354532916993485357e-03
1.382075112439680150e-03
1.411359202493140362e-03
1.440683143460215173e-03
1.469197403247860228e-03
1.499958584174190162e-03
1.530438946512990232e-03
1.561376663262249980e-03
1.592149762218820130e-03
1.623275187944360140e-03
1.656030404305220338e-03
1.688375193499690218e-03
1.721679756566925042e-03
1.755769792314665389e-03
1.789509363485660082e-03
1.824522301700110503e-03
1.860093897582060273e-03
1.895269963835420103e-03
1.931945467268350114e-03
