-8.527418854500043652e-07
1.907232721475999709e-05
4.128948297231000352e-05
6.263500538599499389e-05
8.466152625586499767e-05
1.067416631878950083e-04
1.293873751089600200e-04
1.515475638004650048e-04
1.738030699358100077e-04
1.964688878801850000e-04
2.191570458504600008e-04
2.423407800619500256e-04
2.653662724233150330e-04
2.882018745645300358e-04
3.109648716215700041e-04
3.349431660875700021e-04
3.579679137814049776e-04
3.812108490615300589e-04
4.049553179231100129e-04
4.284257491336500431e-04
4.520287311645300606e-04
4.757668703521050822e-04
4.993214489935351129e-04
5.232651164193900502e-04
5.469280441864350206e-04
5.713933512170550144e-04
5.949955885804050814e-04
6.192110596547100365e-04
6.436722710139150582e-04
6.676055130943499283e-04
6.923668254681450418e-04
7.166738906486400454e-04
7.411652610428098821e-04
7.663346512230450247e-04
7.910710172345850315e-04
8.159834971169699271e-04
8.414864983506450524e-04
8.667474826370701350e-04
8.923230889549199152e-04
9.178071011665800806e-04
9.436399901160449476e-04
9.694032526514550704e-04
9.958825130169600935e-04
1.022241137242604989e-03
1.049008211608455079e-03
1.076073897653835251e-03
1.102852886700165201e-03
1.130436861346425246e-03
1.158182056512930191e-03
1.186320436135275286e-03
1.214509080815895327e-03
1.242917030084100209e-03
1.271658962739510021e-03
1.300989182743620158e-03
1.330063981784940274e-03
1.359907650050985089e-03
1.389817593727200006e-03
1.420444279901040370e-03
1.450797673091370164e-03
1.482148548438135156e-03
1.513498306783605304e-03
1.544922531882075281e-03
1.577581043411520247e-03
1.609683660629820370e-03
1.642870886105565276e-03
1.677016871026185130e-03
1.710253244558910353e-03
1.744475930235120376e-03
1.779958593372090499e-03
1.815293067670590210e-03
1.850640945984630224e-03
1.886718598478070172e-03
1.923697671016575024e-03
1.961078491687515135e-03
1.999282169979105239e-03
2.038275568186260177e-03
2.076424141080630142e-03
2.116814163240300466e-03
2.157272322478965415e-03
2.197422189360210328e-03
2.239832866862535073e-03
