4.867637418919980259e-07
7.012536684714980585e-07
5.312706809894981156e-07
6.358899210939980947e-07
6.240834778354980266e-07
6.726128013869980065e-07
5.358144856504980583e-07
6.719424039779979542e-07
7.544012852849980340e-07
5.165591822919979974e-07
3.062406173684980667e-07
5.931334641199981357e-07
5.515315804614980962e-07
7.176411606914980428e-07
6.449775304159979801e-07
6.539161625359981833e-07
5.698930206079979462e-07
6.169698164399980069e-07
5.669507208684980284e-07
6.020720962399979154e-07
4.954416639084979911e-07
4.950319766029980709e-07
5.996884610079980235e-07
8.892256530949980106e-07
6.478080972539979774e-07
5.994277509044979973e-07
6.476591200519980834e-07
5.940273273319981348e-07
4.224055906279980347e-07
7.202855060269980667e-07
6.010292558259979164e-07
5.711593268249979979e-07
6.840840459409978896e-07
4.596871354284980254e-07
7.082928412659979194e-07
4.235229196429979807e-07
6.809555246989981044e-07
4.862795659854980529e-07
4.856464128769979741e-07
5.530958410824980417e-07
5.117546675274979226e-07
