2.092050860225423605e+02
2.039445502749265415e+02
1.987601595135842558e+02
1.935142131548759608e+02
1.882664308281253511e+02
1.830185277924369416e+02
1.777690376577509141e+02
1.725160067275547533e+02
1.672102677180666035e+02
1.619504174779990535e+02
1.567790006921243844e+02
1.515313137403370831e+02
1.462821231426449344e+02
1.410302531045794296e+02
1.357769390299611700e+02
1.305470633525581547e+02
1.253595103150910006e+02
1.201127398570910145e+02
1.148574929492334320e+02
1.096116479264235721e+02
1.043631353851107093e+02
9.911721883107843212e+01
9.386275280573234170e+01
8.861732504838663260e+01
8.336436862988051644e+01
7.812232817396349560e+01
7.286136919994835637e+01
6.767509031238071771e+01
6.243388140692441368e+01
5.718752970462236362e+01
5.194436263195211723e+01
4.668310710141066266e+01
4.138102512566905489e+01
3.613050374919303920e+01
3.086800387342811902e+01
2.569610425180208679e+01
2.044596884588041874e+01
1.518773848995410525e+01
9.940160325234202787e+00
4.683174314531357574e+00
1.660625615984781811e-01
