3.420350489537280349e-04
3.591054172759879852e-04
3.748357834503119614e-04
3.903499098288840661e-04
4.066447987872659920e-04
4.226703181446080332e-04
4.389064220243100046e-04
4.552236344302920353e-04
4.711409594782659817e-04
4.871565076956799667e-04
5.033949555373800136e-04
5.190877067024979525e-04
5.355543745901619919e-04
5.516774102077699705e-04
5.675022417711879244e-04
5.832263201744380173e-04
5.998629439098300152e-04
6.155846411453360072e-04
6.317207731855359982e-04
6.481818974170459012e-04
6.638013160567979168e-04
6.798585719154779565e-04
6.959000897435999771e-04
7.125720217319459621e-04
7.290179660190879542e-04
7.451229568498859718e-04
7.612224784360220120e-04
7.769715591005839708e-04
7.933388132349360839e-04
8.092808428982540192e-04
8.251036281456419373e-04
8.414189430585778708e-04
8.578181569287439715e-04
8.736875609758700846e-04
8.901166138543279783e-04
9.058933755939138893e-04
9.215312482836820899e-04
9.376687197307379072e-04
9.536881001399898951e-04
9.703740959003240079e-04
9.841348270871539804e-04
