2.861668497093981366e-03
2.751812966512372921e-03
2.643268667705896916e-03
2.533500602222678137e-03
2.423379883718238155e-03
2.313246356361586646e-03
2.202523100512686349e-03
2.091952657249478154e-03
1.980382564988200905e-03
1.869460734694978771e-03
1.760517946538581744e-03
1.650204722900607381e-03
1.539424534682427414e-03
1.428795967528803234e-03
1.318324941810379743e-03
1.208278693376940195e-03
1.097728505973043917e-03
9.871561637230246052e-04
8.761002128319315399e-04
7.656145165095212075e-04
6.537860131018741368e-04
5.431028593862071135e-04
4.316070510207525943e-04
3.205724730400365372e-04
2.095588956193424849e-04
9.747816208121851372e-05
-1.450549971935700385e-05
-1.245427745092410039e-04
-2.352584344108994945e-04
-3.473424818671830326e-04
-4.592434818889484707e-04
-5.712702618606331365e-04
-6.850762062985786549e-04
-7.959033851315597133e-04
-9.084521630659185380e-04
-1.018852069866536814e-03
-1.131073961424241669e-03
-1.242642713224240483e-03
-1.355039534978724021e-03
-1.466624968074627111e-03
-1.561009006290666043e-03
