-5.275049353649379283e-03
-5.153567856103046484e-03
-5.034669145722104819e-03
-4.913241732895847792e-03
-4.791452279780390559e-03
-4.670406026601051433e-03
-4.548291135235288558e-03
-4.427106173719524106e-03
-4.304185405145750584e-03
-4.181894533855172978e-03
-4.062198947987168303e-03
-3.940715181412002624e-03
-3.819116735887733999e-03
-3.697482915831972090e-03
-3.574904956598102222e-03
-3.453508454640060073e-03
-3.332967934510346324e-03
-3.211245510738476409e-03
-3.088880840215002185e-03
-2.966625269061530078e-03
-2.845115873619698341e-03
-2.723235250181746479e-03
-2.600536511658957904e-03
-2.477778108836994030e-03
-2.355835886845777938e-03
-2.233946856841981590e-03
-2.111593531462677836e-03
-1.990650314510720043e-03
-1.868051338862240047e-03
-1.745813771150663864e-03
-1.623326721858930075e-03
-1.500954128333133923e-03
-1.378159272261049754e-03
-1.255606830302263832e-03
-1.132614531524427873e-03
-1.012591833532388045e-03
-8.896621004348599128e-04
-7.671000616000221185e-04
-6.450068190011659826e-04
-5.220957960922200129e-04
-4.165181448265580259e-04
