1.026938440530781151e-03
1.013449481694596570e-03
9.995266345059492311e-04
9.859429462309061976e-04
9.719296095547270715e-04
9.580705847913176861e-04
9.441115864387241612e-04
9.305676570055107424e-04
9.167409897653861677e-04
9.025050184519840335e-04
8.892205070933831539e-04
8.753089292490521525e-04
8.620047058360360854e-04
8.477621886328661144e-04
8.340004967872001332e-04
8.205075583475772080e-04
8.068766355270491630e-04
7.933477318862576727e-04
7.794765451571995232e-04
7.657637987145715121e-04
7.517551111078300775e-04
7.382324558163626434e-04
7.242570183542380120e-04
7.104565346731855436e-04
6.970397293946710643e-04
6.830315996762621657e-04
6.689711772248200811e-04
6.555488302555361347e-04
6.418839506318365891e-04
6.278247183421706030e-04
6.138945442200895945e-04
6.001447911847390812e-04
5.859545295220466203e-04
5.720592048244689965e-04
5.582572334411966489e-04
5.447204449786391704e-04
5.307285684069835410e-04
5.170700487102746455e-04
5.034194138353316299e-04
4.891623543429610230e-04
4.766058500657170444e-04
