-4.017194239318499012e-06
-4.232098242943002495e-06
-3.961765162340001948e-06
-4.088555918679001609e-06
-4.013322765842500969e-06
-3.994561009766500612e-06
-4.269063369497500485e-06
-4.076978723957498851e-06
-3.998097451883999224e-06
-4.151802394022500374e-06
-4.194388602258499180e-06
-4.083158191236499849e-06
-4.133152315066000393e-06
-4.229976377672500448e-06
-4.122878020071999754e-06
-4.104637423886998889e-06
-4.028436402681498950e-06
-4.169856861674998637e-06
-4.032568456102998434e-06
-4.055536717013497112e-06
-4.388595113068996932e-06
-4.104265166821997921e-06
-4.086620181940997928e-06
-4.414020270608498783e-06
-4.290654279267498207e-06
-4.172648789662497853e-06
-4.109849022796998047e-06
-4.307703652844498174e-06
-4.364100598191998772e-06
-4.357325519608998596e-06
-4.302901536705998980e-06
-4.363988921072498397e-06
-4.362983826996998408e-06
-4.415769878813999015e-06
-4.492678188442999354e-06
-4.262697773685998579e-06
-4.423922308537497607e-06
-4.445289864068498813e-06
-4.284623714814499120e-06
-4.314664859959999258e-06
-4.344966585051000835e-06
