-4.946240454008051987e-05
-4.820382330289201298e-05
-4.672993540064901370e-05
-4.565932384665201415e-05
-4.433869436452651043e-05
-4.298707800377700829e-05
-4.202413840422951341e-05
-4.059952410826000822e-05
-3.917468634922350982e-05
-3.821826442246351122e-05
-3.692597750600250944e-05
-3.562184704699051504e-05
-3.452870296707101326e-05
-3.335179748087101236e-05
-3.223329034284700849e-05
-3.094111515791951009e-05
-2.987150918772401049e-05
-2.865058147732501184e-05
-2.745911364792551169e-05
-2.635263627167500720e-05
-2.512615922844550884e-05
-2.397517545801750662e-05
-2.280363308542551222e-05
-2.168587082429150831e-05
-2.057555733205750740e-05
-1.935515103548150873e-05
-1.819880415144550678e-05
-1.699094903046601085e-05
-1.590070997041750892e-05
-1.474842266543200846e-05
-1.350030694854800782e-05
-1.242429503709850855e-05
-1.128832053600400895e-05
-1.032325803732000909e-05
-9.442403871050508330e-06
-8.492164422477507720e-06
-7.510938095280509539e-06
-6.634776653418008535e-06
-5.414146893775009025e-06
-4.572584983453007948e-06
-3.722866671185508134e-06
