5.234493778844980702e-07
5.554794763144980394e-07
4.728716178054980657e-07
6.835998700344980225e-07
7.501181907274981175e-07
8.985367282199980546e-07
6.677710423219980641e-07
7.126876687249980740e-07
4.403200991684980969e-07
5.141755470599981055e-07
7.180508479969979629e-07
7.198013301204981995e-07
7.589078456454981091e-07
7.338424314089981596e-07
6.726128013869981124e-07
5.148459444689981578e-07
4.541004903534979778e-07
6.666164690064980387e-07
5.475464403079980735e-07
8.721677634659979740e-07
6.870263456804980192e-07
4.947340221989979653e-07
6.157035102229979552e-07
4.515306336189981127e-07
6.986465674364980080e-07
6.105637967539980131e-07
7.622225883899980794e-07
6.019603633384981007e-07
7.513844969444980633e-07
8.450539127019981059e-07
9.155946178489980911e-07
6.724265798844981391e-07
8.601006101039980914e-07
5.426674369424979458e-07
7.843084585864980318e-07
5.211029869529980459e-07
6.808437917974979722e-07
6.847916876504981272e-07
7.210676363374980395e-07
3.767813225154979991e-07
4.883280025129980774e-07
3.105982005269979831e-07
4.554040408709979501e-07
1.283245938799979462e-07
4.043421048854980785e-07
5.000972014709979602e-07
4.355528287044979956e-07
3.663901626759980355e-07
3.966697789824980329e-07
5.248274170029980424e-07
6.632644819614980949e-07
