2.617018918881997251e+02
2.564550007212619107e+02
2.512047967645853817e+02
2.459444845520396541e+02
2.407589522716060912e+02
2.355116080735928961e+02
2.302685244540154770e+02
2.250224663277721504e+02
2.197654803170692901e+02
2.145195637630369845e+02
2.092132450526004277e+02
2.039468079791343769e+02
1.987619224601702967e+02
1.935255434024616079e+02
1.882779220209614834e+02
1.830269073770974728e+02
1.777738496226929499e+02
1.725314172352863409e+02
1.672248779702472632e+02
1.619634570237539322e+02
1.567809379960651199e+02
1.515328546420868463e+02
1.462814495569671180e+02
1.410434655174552177e+02
1.357839833651364359e+02
1.305586648226955049e+02
1.253671418023836992e+02
1.201270610039143918e+02
1.148662108169667135e+02
1.096166372291878446e+02
1.043721691824097206e+02
9.913061007201025632e+01
9.387147961486840586e+01
8.862622472464359191e+01
8.337131759009253074e+01
7.813398925345288148e+01
7.287186044590430356e+01
6.768919090460161669e+01
6.245393995387995290e+01
5.719621478721203545e+01
5.194646684207850029e+01
4.669176088909051714e+01
4.137951998953049326e+01
3.614105311426720135e+01
3.087296784221778267e+01
2.569744695245639221e+01
2.044500764507905544e+01
1.519388868484902311e+01
9.948405788852703324e+00
4.692220033700761128e+00
1.691011483178214148e-01
