4.029177689575919041e-03
3.919750994898164344e-03
3.809627707176275330e-03
3.699617911842590246e-03
3.590505629804597275e-03
3.480251870518316030e-03
3.370400733670896563e-03
3.259674610724262560e-03
3.149024707895296902e-03
3.038883510121331930e-03
2.927111492262539361e-03
2.816128633746132603e-03
2.707138519859614983e-03
2.596643440308258645e-03
2.485201995094634114e-03
2.374633860403626943e-03
2.263636740868623255e-03
2.152870739198968833e-03
2.040781255427502258e-03
1.930058707044276329e-03
1.819832017628803759e-03
1.708522458910920194e-03
1.597226528216029928e-03
1.485539629648389114e-03
1.374000516936648222e-03
1.263425195883789535e-03
1.153127238610369629e-03
1.041746337564468210e-03
9.298264221446686387e-04
8.172242119343671582e-04
7.058055545624686419e-04
5.939483057074155040e-04
4.821475796362516384e-04
3.701935569239340508e-04
2.578130813500351267e-04
1.461961846491345183e-04
3.410744557837799747e-05
-7.698749039488350101e-05
-1.892347390117634981e-04
-3.015272654318115145e-04
-4.139219275542360926e-04
-5.266787748669690249e-04
-6.408259411702366126e-04
-7.526404814395712102e-04
-8.660742244626587353e-04
-9.773781979252171154e-04
-1.089912603135873232e-03
-1.203208986113001033e-03
-1.316114475687449889e-03
-1.427924212637205056e-03
-1.523198652257155752e-03
