1.808114270176740018e-04
1.969619204758299978e-04
2.131136789293500134e-04
2.290388543897300109e-04
2.453441981627379966e-04
2.614815207868100380e-04
2.775529520347160104e-04
2.941274421742880001e-04
3.105836552473260339e-04
3.259945728864940178e-04
3.425974138045180355e-04
3.592582212748099933e-04
3.747324258879240104e-04
3.905149545181399928e-04
4.068209679945760000e-04
4.230318463784900080e-04
4.387306620802060037e-04
4.555544679237240151e-04
4.714565758215840253e-04
4.875100366941720331e-04
5.031002116175680100e-04
5.195079456035681022e-04
5.358087130698179585e-04
5.513979206438180368e-04
5.677866424936119441e-04
5.838975118322780548e-04
5.994504438039280304e-04
6.154764468359679667e-04
6.315058727966400614e-04
6.481133272271679627e-04
6.638547063023080529e-04
6.797808863178299472e-04
6.962900803731720016e-04
7.123772124458900221e-04
7.279368414518199966e-04
7.441904320321419833e-04
7.605291865650580215e-04
7.767660717654259819e-04
7.921880395111560507e-04
8.085698782979399953e-04
8.250855461530858968e-04
8.413954290271059323e-04
8.570734839225540181e-04
8.739337886028979586e-04
8.895056210935159890e-04
9.054933394129219748e-04
9.223033791304199522e-04
9.388778320642459166e-04
9.546596909910339858e-04
9.710498638649219579e-04
9.846378115673278929e-04
