-6.556765267987011044e-03
-6.435957188440854029e-03
-6.314280889189545151e-03
-6.192958781619502771e-03
-6.073044401856389843e-03
-5.952129603560648956e-03
-5.830168708578044486e-03
-5.708439217339314996e-03
-5.586944514789112318e-03
-5.465051913854691856e-03
-5.341530224611847934e-03
-5.219472393741680927e-03
-5.099574455138316739e-03
-4.977792292672882438e-03
-4.855447187873451753e-03
-4.733825308116964767e-03
-4.611324719046613896e-03
-4.489670142956600843e-03
-4.365930403762529124e-03
-4.243223593448642618e-03
-4.122507465366054800e-03
-4.000778048521712663e-03
-3.878514814746275661e-03
-3.755556402612174240e-03
-3.632522182596700355e-03
-3.511032501667688162e-03
-3.390041969884962161e-03
-3.267619011358489922e-03
-3.145224285502264475e-03
-3.021976776776394077e-03
-2.899506689405123745e-03
-2.776437727210453836e-03
-2.653186424370795968e-03
-2.531202392733523845e-03
-2.407450043690685833e-03
-2.285261390289220016e-03
-2.161893846218311804e-03
-2.040084938970392493e-03
-1.917161715381813809e-03
-1.794378018467929778e-03
-1.671569882997587728e-03
-1.548678314221103944e-03
-1.423445665645842011e-03
-1.300700691010912022e-03
-1.177536355210826108e-03
-1.056227006278326027e-03
-9.333234972025678628e-04
-8.101594217828399572e-04
-6.866324877356419758e-04
-5.640784462975140029e-04
-4.575129119536000717e-04
