1.165773117639622158e-03
1.151894269244130992e-03
1.138337582764381139e-03
1.124121360697949651e-03
1.110364838617498330e-03
1.097279790934043570e-03
1.082427762131339547e-03
1.068786722935715586e-03
1.055281808493221517e-03
1.041774885652730709e-03
1.027339896974848073e-03
1.013457850019584177e-03
9.999986452277995642e-04
9.859146426961706497e-04
9.723907972429271171e-04
9.585128414687680513e-04
9.444313680309130614e-04
9.307657073635481173e-04
9.173215283641856501e-04
9.037610854363302068e-04
8.900335735491686972e-04
8.763162152296586705e-04
8.621324622641786959e-04
8.478591868176100620e-04
8.343491769950126848e-04
8.200376676013900997e-04
8.067517429256800422e-04
7.934313035584661649e-04
7.795270898401240748e-04
7.653788185725911557e-04
7.519126959654835740e-04
7.373809694507456368e-04
7.232923922347901657e-04
7.094148827712970420e-04
6.957627973866896062e-04
6.820304132747576509e-04
6.683808569839240314e-04
6.545067320429815826e-04
6.413356579786555402e-04
6.269271132077336569e-04
6.126202156909929791e-04
5.991632424525386190e-04
5.844716623342615823e-04
5.709007682983105502e-04
5.577018742024706863e-04
5.432092370635630170e-04
5.297117239396135352e-04
5.158920488999230647e-04
5.022608657315064812e-04
4.877057822919145767e-04
4.756672587351190346e-04
