-3.783826285270000691e-06
-3.660460293929001808e-06
-3.938015161593002337e-06
-3.910803170141503800e-06
-3.969470883585501581e-06
-4.000219317154499577e-06
-3.844392509745499768e-06
-4.026724020182498561e-06
-3.690799244726498146e-06
-3.735842349591497584e-06
-3.757470485068000230e-06
-3.805044937975001255e-06
-3.939913672624501940e-06
-3.745223227629500727e-06
-3.867397996362500830e-06
-3.973119002822499721e-06
-3.843983026973998957e-06
-3.875550426085999422e-06
-3.950746353215999373e-06
-3.723706769272498879e-06
-4.401326304691999897e-06
-3.913967355193999749e-06
-3.977362733363500426e-06
-3.962323547937499589e-06
-3.998358031829500664e-06
-4.153254196575998476e-06
-4.070762030971998010e-06
-3.994523784059999075e-06
-4.241925829458997398e-06
-4.151430136957497712e-06
-4.237831001743998604e-06
-4.256406629287498053e-06
-4.102627235735998065e-06
-4.063465792497998342e-06
-4.231204825986997799e-06
-4.466434065360498422e-06
-4.337856475109497840e-06
-4.291957178994998631e-06
-4.370763999655498573e-06
-4.324306317943499182e-06
-4.324715800714998299e-06
-4.481919959264498218e-06
-4.589390573929999034e-06
-4.342137431356998388e-06
-4.298508903338998904e-06
-4.419120192398998413e-06
-4.403932104146998205e-06
-4.355575911403498365e-06
-4.406835709253998643e-06
-4.381224423181997578e-06
-4.382415645790000169e-06
