-6.306363308841352337e-05
-6.151227798961051449e-05
-5.999042001565151088e-05
-5.866435293222901421e-05
-5.717035335395600918e-05
-5.587594353835851089e-05
-5.444402944886701963e-05
-5.314351164277150811e-05
-5.188280750644651149e-05
-5.055148904094951170e-05
-4.921324322037551227e-05
-4.798602130025601055e-05
-4.669786845053451195e-05
-4.537936186754551151e-05
-4.413832248111651389e-05
-4.291653816229401189e-05
-4.192968801457751146e-05
-4.062514787327600692e-05
-3.944809341169801280e-05
-3.818701683692800943e-05
-3.749167426011301105e-05
-3.572743334614800626e-05
-3.461410310250950551e-05
-3.334907868022250911e-05
-3.208811383698600912e-05
-3.102696221949200909e-05
-2.994338980760901021e-05
-2.861110300215500708e-05
-2.748321041531701046e-05
-2.618116561159700918e-05
-2.500049849710250848e-05
-2.401260552174000809e-05
-2.277637059125151023e-05
-2.166486529599350938e-05
-2.055343448842450853e-05
-1.936036517371150846e-05
-1.812837604149601038e-05
-1.709307165208500903e-05
-1.582208821467800955e-05
-1.463430752588400921e-05
-1.356440360493250963e-05
-1.255360566520251041e-05
-1.135558291917100890e-05
-1.049245682288350893e-05
-9.308847444673508373e-06
-8.326541045986009400e-06
-7.427660858978507862e-06
-6.549562737202007803e-06
-5.566772168536007161e-06
-4.617016889941508220e-06
-3.696051103145508233e-06
