4.277315255994981620e-07
4.774899110674980613e-07
5.819229296694979611e-07
3.665763841784980618e-07
3.814741043784979946e-07
5.440827203614981033e-07
6.314578493344979666e-07
3.307473670974978844e-07
4.380109525374980462e-07
5.627793592124980324e-07
5.477699061109981262e-07
5.204698338444979671e-07
5.278442053434980130e-07
5.623696719069980064e-07
5.242315081949980429e-07
4.978625434409979623e-07
4.626294351679980491e-07
5.993532623034979444e-07
5.355165312464980586e-07
4.406180535724980437e-07
3.472465922189981068e-07
4.205806199034980629e-07
6.113459270644979859e-07
5.749582454759980472e-07
5.799862260434978571e-07
4.907861263459981280e-07
6.158897317254982462e-07
6.496330679784979492e-07
6.153683115184980879e-07
7.251645093924981944e-07
5.461684011894981013e-07
4.633370768774979160e-07
9.127268067104981204e-07
6.358899210939978829e-07
6.514952830034980003e-07
6.083291387239981211e-07
3.540995435109980473e-07
5.682542713859981595e-07
4.077313362309980488e-07
4.561489268809980553e-07
6.157779988239980081e-07
6.633017262619980684e-07
7.397270308879979951e-07
4.072471603244979169e-07
3.258683637319979685e-07
3.463527290069980547e-07
2.101875663789980794e-07
2.237444917609980399e-07
3.063895945704980136e-07
2.009509798549979559e-07
4.875086279019979193e-07
2.073197552404981351e-07
4.217351932189980354e-07
3.352166831574980389e-07
5.369690589659980837e-07
5.319038340979981944e-07
4.628156566704979695e-07
4.905999048434979428e-07
3.961483587754979275e-07
