3.036351590660108855e+02
2.983839477112852592e+02
2.931361519724304685e+02
2.878832357902369381e+02
2.826327501793721808e+02
2.773853553134097183e+02
2.721380886075541525e+02
2.668852037202704537e+02
2.616521612960412426e+02
2.564027128879016004e+02
2.511621105076021081e+02
2.459006463443285782e+02
2.407197248472739659e+02
2.354755444156193107e+02
2.302315174780461575e+02
2.249857603790305234e+02
2.197330140834903034e+02
2.144885996851289747e+02
2.091764765140391944e+02
2.039172775061424829e+02
1.987356138726551933e+02
1.934930250106995970e+02
1.882519084997389029e+02
1.829999058308651172e+02
1.777520445217231213e+02
1.725060236513247673e+02
1.671946008901212792e+02
1.619349086148366155e+02
1.567579600810942964e+02
1.515127946048974934e+02
1.462619274941797585e+02
1.410161152565135296e+02
1.357632691153086455e+02
1.305391472306095579e+02
1.253440744733848078e+02
1.201072513260035493e+02
1.148483906011795881e+02
1.096032102226448046e+02
1.043606392434947878e+02
9.911461539262886333e+01
9.386221632156413364e+01
8.861590485557469776e+01
8.336233297050894464e+01
7.812340263253368278e+01
7.286186693803773551e+01
6.767773249690910120e+01
6.243619574001667161e+01
5.719514181887562643e+01
5.195011791488987996e+01
4.668789075191045868e+01
4.138064660628370461e+01
3.613121757118350530e+01
3.087479039815587001e+01
2.569502234206287739e+01
2.044792254239295204e+01
1.519688554502194755e+01
9.951359432245414638e+00
4.698854554580857545e+00
1.859139660557469764e-01
