1.107817562251981608e-03
1.062144025126687732e-03
1.015859796184157915e-03
9.692593300851270761e-04
9.231272807326860530e-04
8.767975133417400075e-04
8.306541817735426216e-04
7.841072596555605408e-04
7.378199029700492281e-04
6.909701855433809589e-04
6.449519636944634751e-04
5.987531891584064320e-04
5.533885538876207001e-04
5.069258201849040184e-04
4.606902574337730111e-04
4.143403086535860547e-04
3.672436484714820316e-04
3.216408206786025396e-04
2.745647142360945121e-04
2.281712004643725810e-04
1.824556994540699813e-04
1.358380307686380404e-04
9.024536814045002354e-05
4.350169609488599919e-05
-2.756431087758001518e-06
-4.841399438282250147e-05
-9.631865483527652034e-05
-1.422185065063395553e-04
-1.881094962389534911e-04
-2.344100341270320112e-04
-2.806642143959130458e-04
-3.265909125275715474e-04
-3.725462816365650016e-04
-4.188519207245070312e-04
-4.649922734898645537e-04
-5.113745422808658146e-04
-5.574660054446116180e-04
-6.040414495997866937e-04
-6.501323914730357256e-04
-6.961492728606752086e-04
-7.424575184011021796e-04
-7.888336434112454667e-04
-8.350868183341681903e-04
-8.812454907369915262e-04
-9.283872053120508080e-04
-9.743122278671116458e-04
-1.020406707068732734e-03
-1.067339607564708227e-03
-1.113237113428534571e-03
-1.159872431520793650e-03
-1.207347325193506779e-03
-1.253719987345348636e-03
-1.300055004876300149e-03
-1.346580032793408179e-03
-1.393434925890010747e-03
-1.439581347966154695e-03
-1.485431565334896465e-03
-1.532573763965416501e-03
-1.572563745271990734e-03
