-3.387673401359818110e-03
-3.334930421268592331e-03
-3.282120039861838139e-03
-3.229669541307034035e-03
-3.176941626079377978e-03
-3.124042306181770094e-03
-3.071040731197855877e-03
-3.017631140192955554e-03
-2.965406019436598456e-03
-2.912640423451420390e-03
-2.859930511665660039e-03
-2.806893413361476099e-03
-2.754892219712997900e-03
-2.702087678265702002e-03
-2.649167379150677883e-03
-2.595945001623179999e-03
-2.542894735512319856e-03
-2.490215846186356278e-03
-2.437093640702300227e-03
-2.384109957568700255e-03
-2.332098943861006177e-03
-2.279255754529144022e-03
-2.226843345900995398e-03
-2.174438525500423883e-03
-2.121149007037755919e-03
-2.068712792205447838e-03
-2.015155528340367794e-03
-1.962162173936327948e-03
-1.910398670357509737e-03
-1.857828991993129954e-03
-1.805138534339832115e-03
-1.752830166263301881e-03
-1.699211713014091730e-03
-1.646833339818453866e-03
-1.593954701560709774e-03
-1.541502305949011935e-03
-1.488313666276471934e-03
-1.435126886463631993e-03
-1.382274211847299861e-03
-1.329978565211118033e-03
-1.276779435929869914e-03
-1.223679957931348046e-03
-1.171102988916944030e-03
-1.117744544053793929e-03
-1.064436166613767906e-03
-1.012620586963349986e-03
-9.596521174820959576e-04
-9.071400947684160609e-04
-8.538224552270839594e-04
-8.010454397033480714e-04
-7.476200770881920050e-04
-6.938318558455660798e-04
-6.410383619648879917e-04
-5.887348295235780198e-04
-5.356017996560680575e-04
-4.825484461781059790e-04
-4.297790560791400088e-04
-3.770926529199880280e-04
-3.316659889166220158e-04
