5.555130101450339586e-03
5.474541160615273988e-03
5.392836145574762992e-03
5.310788661483207933e-03
5.228804776661558074e-03
5.146849716070421923e-03
5.064803013022533239e-03
4.982802131203020388e-03
4.901302195913536004e-03
4.818868504325670224e-03
4.736204516434147985e-03
4.653633658701597509e-03
4.572359035913332870e-03
4.490228166112346722e-03
4.408333357461120122e-03
4.326100319710176126e-03
4.243710180604798841e-03
4.161202773371931729e-03
4.078121596585366701e-03
3.995396947635823127e-03
3.913279392769706926e-03
3.830557793609714462e-03
3.747678349244180831e-03
3.664763943876476679e-03
3.581791629699859498e-03
3.498778329327080928e-03
3.414543625431682491e-03
3.331612706569336748e-03
3.249860940486562575e-03
3.166911685694354713e-03
3.083627995443091480e-03
3.000451196596334597e-03
2.916669274871593141e-03
2.833610636773660138e-03
2.750947318348136161e-03
2.667774982608040434e-03
2.583917336840301122e-03
2.500157916611637100e-03
2.415884569651073795e-03
2.332243533326565973e-03
2.248410880956122886e-03
2.164374562151761064e-03
2.080330916413966006e-03
1.996310739178692052e-03
1.911932248863730272e-03
1.828536646212967215e-03
1.743914395889258713e-03
1.659959565973997617e-03
1.574875198148201942e-03
1.490492988577690140e-03
1.404750126556766551e-03
1.319932354968794816e-03
1.235108223453832213e-03
1.151199103189280790e-03
1.065868297490741657e-03
9.807012506140690491e-04
8.956808539837330567e-04
8.100046782148211284e-04
7.352059116125500473e-04
