-3.821858404149690303e-03
-3.742672782440208384e-03
-3.663561609428472171e-03
-3.583979337260884308e-03
-3.504705277493160281e-03
-3.424814420868248221e-03
-3.345105202695307714e-03
-3.264927340945751599e-03
-3.185132958820218341e-03
-3.105044167626585735e-03
-3.025160491710652058e-03
-2.945194628301804184e-03
-2.866077241930485922e-03
-2.786203797594702207e-03
-2.705899919983444351e-03
-2.626453783640470604e-03
-2.546240390403484242e-03
-2.465917798301988078e-03
-2.384033755452364105e-03
-2.303503555288187975e-03
-2.224287908541683866e-03
-2.144022129614330321e-03
-2.063409109459557727e-03
-1.982032180927914035e-03
-1.901016780630151830e-03
-1.819843255911890011e-03
-1.738053678451360017e-03
-1.656684488714883947e-03
-1.576334848036045882e-03
-1.495341622362900006e-03
-1.414713980349950042e-03
-1.334379333586749924e-03
-1.253744213218853810e-03
-1.174100142307159950e-03
-1.094596485880869807e-03
-1.014387854979371863e-03
-9.341011292170200118e-04
-8.538034277595980175e-04
-7.728344230270980724e-04
-6.928876089602020293e-04
-6.122356715951140843e-04
-5.322611020417020384e-04
-4.517580992778520189e-04
-3.712507806474659930e-04
-2.894875076493579904e-04
-2.108841558647759967e-04
-1.296764390659400012e-04
-4.911595342451999095e-05
3.219262815172200246e-05
1.122706668847600007e-04
1.946646888948060192e-04
2.755881909999480131e-04
3.574787448551219665e-04
4.371170860819319974e-04
5.184731421900700288e-04
5.999480706566779871e-04
6.814063681548239697e-04
7.630036663200259013e-04
8.335418169269499496e-04
