-7.337825245538900595e-05
-6.519362249576651943e-05
-5.835894555666002169e-05
-5.253788737984201322e-05
-4.799545776988600688e-05
-4.461406071995850398e-05
-4.207355515415950179e-05
-3.997272240783200978e-05
-3.833039868846500767e-05
-3.664455811819951407e-05
-3.494665641902800705e-05
-3.350486758057650221e-05
-3.200351761172500506e-05
-3.062326286611800707e-05
-2.925335686691800431e-05
-2.769780626940249898e-05
-2.640730270216700212e-05
-2.516251230251350188e-05
-2.400483005606999953e-05
-2.269429905873750428e-05
-2.172929706913800444e-05
-2.078041381045300003e-05
-1.985840751186100235e-05
-1.913529816309850209e-05
-1.855364649903600390e-05
-1.788302539643850381e-05
-1.726124442076900067e-05
-1.691359354776550151e-05
-1.632486899946800101e-05
-1.592089563253000348e-05
-1.553412054199500275e-05
-1.494941636999950052e-05
-1.468604449651200106e-05
-1.422262167629350143e-05
-1.374270786809549947e-05
-1.335016279305300025e-05
-1.291741395499049978e-05
-1.260106990115349965e-05
-1.203304284566999980e-05
-1.161079165684050072e-05
-1.132474932809449962e-05
-1.098182611981649828e-05
-1.051270776650349985e-05
-1.009417914832399690e-05
-9.869000849705498703e-06
-9.511224584533999973e-06
-9.093403254777998270e-06
-8.714594465433997766e-06
-8.337981992773500688e-06
-7.909998045142998722e-06
-7.619004697432499063e-06
-7.267407899539997943e-06
-6.905052872468998229e-06
-6.525425117581999490e-06
-6.162623382032999122e-06
-5.621957220826998876e-06
-5.352145300114998668e-06
-5.041757359317998785e-06
-4.714431722063501004e-06
