-2.948082974052005342e-06
-3.057095706903504858e-06
-3.083129154209005647e-06
-3.137840361779506665e-06
-3.097617009719506177e-06
-3.238212522707006199e-06
-3.219069186634005905e-06
-3.252067232861005491e-06
-3.119181195685005923e-06
-3.179888662220004941e-06
-3.048119940379004893e-06
-3.210763809310505059e-06
-3.196238709955504954e-06
-3.115009885101006136e-06
-3.116313419658505646e-06
-3.165698757465506936e-06
-3.186592554230007564e-06
-3.090764142331506104e-06
-3.140447430894506108e-06
-3.142495842342004733e-06
-3.092253896111505181e-06
-3.159404547745006411e-06
-3.296201188593506626e-06
-3.300000060732506855e-06
-3.465474461846006453e-06
-3.314264453176006974e-06
-3.315046573910507358e-06
-3.408975549739507221e-06
-3.309646216458006786e-06
-3.506517178485006475e-06
-3.428193373501505392e-06
-3.414860077170505650e-06
-3.511582341337006640e-06
-3.584170594267507169e-06
-3.489347766170506929e-06
-3.595492722995507015e-06
-3.555269370935507374e-06
-3.621339951078507813e-06
-3.574003024719007688e-06
-3.600520642003008028e-06
-3.674449673335507218e-06
-3.719216774424507050e-06
-3.633555932074507189e-06
-3.698732659949507249e-06
-3.767484796896507550e-06
-3.721190698183007796e-06
-3.796534995606508185e-06
-3.703872310490507834e-06
-3.656796091042507696e-06
-3.712699101637007807e-06
-3.698136758437507703e-06
-3.757131008125507655e-06
-3.671172215019506962e-06
-3.721563136628007777e-06
-3.741302374213008040e-06
-3.747484852400008572e-06
-3.750054677670508017e-06
-3.800408355434507563e-06
-3.804542422174008199e-06
