5.372297690694980040e-07
6.116811257689980650e-07
6.730597329929980061e-07
5.089241006894980311e-07
4.789424387869980864e-07
5.555167206149980129e-07
6.174539923464980859e-07
4.642681843899980475e-07
6.521284361119979732e-07
5.405817561144979478e-07
6.755551011264980302e-07
2.983075813619979949e-07
6.166718620359980072e-07
7.149595710554980453e-07
7.026317075899981366e-07
5.640084211289981107e-07
6.326496669504979654e-07
5.933941742234980560e-07
7.131346003309980735e-07
6.612905340349980174e-07
6.431153153909981407e-07
6.694842801449980095e-07
6.743632835104980313e-07
7.389449005774980223e-07
7.016261114764981110e-07
6.392046638384980650e-07
6.094464677389980671e-07
8.056494427729979848e-07
9.240118297619980301e-07
7.979398725694980716e-07
6.220722856084979756e-07
6.567467293739979688e-07
7.298572912554981369e-07
5.998001939094979440e-07
7.577532723299980837e-07
7.602858847639980813e-07
7.411795586074981261e-07
8.262455409494980445e-07
4.187184048784979588e-07
5.885524151584981136e-07
6.396888397449980381e-07
4.590167380194979731e-07
4.964100157214979373e-07
6.493723578749981347e-07
5.282166483484981715e-07
5.236728436874981229e-07
4.364466919164981007e-07
3.321998948169979624e-07
4.624804579659979433e-07
5.393526941979979755e-07
4.742124126234980644e-07
2.743222518399979120e-07
6.085153602264980945e-07
6.903783327254981748e-07
5.687012029919980532e-07
5.601350138769980085e-07
7.198758187214979347e-07
5.719042128349979972e-07
5.494831439339979658e-07
3.776751857274979982e-07
5.171550910999979968e-07
