1.802302143404085344e-01
4.683143019621546443e+00
9.939149946717421358e+00
1.519194989067449164e+01
2.044048925619575385e+01
2.569003303929860138e+01
3.087873653725975842e+01
3.613245595547176947e+01
4.138261073443285198e+01
4.668829758573802025e+01
5.195266919515644588e+01
5.720315480602123870e+01
6.244454552000121339e+01
6.768477981255195175e+01
7.287394826345888532e+01
7.813177476602524507e+01
8.338151078928837023e+01
8.862124287304830261e+01
9.387439749264991917e+01
9.913089619689998244e+01
1.043808408528951617e+02
1.096296618726047569e+02
1.148698171827640522e+02
1.201319951680280553e+02
1.253724962124290840e+02
1.305607064430022604e+02
1.357871307389232243e+02
1.410494607280348589e+02
1.462894923487887127e+02
1.515465036934662066e+02
1.567912817088748056e+02
1.619738856798902873e+02
1.672299730796113977e+02
1.725453449603863874e+02
1.777927293947122394e+02
1.830412210727518811e+02
1.882876115211327317e+02
1.935301810100489490e+02
1.987777859989772651e+02
2.039603199290041005e+02
2.092249806437797872e+02
2.145345733978762723e+02
2.197821843477397863e+02
2.250405473344743541e+02
2.302941624363203061e+02
2.355289648266680445e+02
2.407755743394175454e+02
2.459640051245932000e+02
2.512236586537990490e+02
2.564713232520794008e+02
2.617194334302661218e+02
2.669575351982482516e+02
2.722125302565935385e+02
2.774579788772124402e+02
2.827139500386970781e+02
2.879637814369234547e+02
2.932245392293755231e+02
2.984655499337363835e+02
3.037216105092491034e+02
3.089035900723020518e+02
3.141628948867985969e+02
