-1.525845504755673088e-03
-1.433546516822527652e-03
-1.325163482954802314e-03
-1.214690260369284116e-03
-1.104823000751493272e-03
-9.949380544918395419e-04
-8.858374270199582349e-04
-7.761033198891151893e-04
-6.658863115828725409e-04
-5.543707314135675086e-04
-4.439220467164441044e-04
-3.333462043730880497e-04
-2.231859794959830594e-04
-1.121490184729950112e-04
-3.130494254391001468e-06
1.081065678493740335e-04
2.192470795060875283e-04
3.305471060548830745e-04
4.408584679410825023e-04
5.521384992758144629e-04
6.632888409819000545e-04
7.739584783796805327e-04
8.860679573652105847e-04
9.971467333330650325e-04
1.108557310702260176e-03
1.218964887920191698e-03
1.330110798657052834e-03
1.442085672989250117e-03
1.553453355597549448e-03
1.664956834380316997e-03
1.776914059305687195e-03
1.886807904738825419e-03
1.999020375832548033e-03
2.112984494701297764e-03
2.224531612945670860e-03
2.337228884201604517e-03
2.449607162908408898e-03
2.561353637532849583e-03
2.674008684258525562e-03
2.785486657041975293e-03
2.897659137707571386e-03
3.012500439542629711e-03
3.125414902760634446e-03
3.237760563576341094e-03
3.350849398465592481e-03
3.464037204079202428e-03
3.577437361100268762e-03
3.689094173759225291e-03
3.802416919141486749e-03
3.916100956073205464e-03
4.029302464179879660e-03
4.143354867317800179e-03
4.258047117305751098e-03
4.373161277480953554e-03
4.490342950237330259e-03
4.606803194180893180e-03
4.725225277674879182e-03
4.843090809093247677e-03
4.961274849005283503e-03
5.077824941089508284e-03
5.196922989417961276e-03
