4.760506395972130805e-04
4.885609507205260389e-04
5.029948608142990624e-04
5.156057406076840471e-04
5.298017671164790545e-04
5.434434013929911184e-04
5.569038335391070715e-04
5.703505416322436801e-04
5.847823317503531536e-04
5.981871238334410300e-04
6.124715198541040573e-04
6.266275271731810200e-04
6.408539399998195579e-04
6.538920134856776286e-04
6.674180904922510883e-04
6.810684278267499980e-04
6.945754622449076170e-04
7.089661917817451087e-04
7.231404234530170545e-04
7.372473365988341026e-04
7.504287501935891398e-04
7.638987036339131217e-04
7.780335483889105853e-04
7.916016529831991543e-04
8.057134383537867565e-04
8.194109358486596512e-04
8.333328904159751065e-04
8.470649769874630643e-04
8.605785572953885201e-04
8.747196503997101483e-04
8.881480597555406389e-04
9.017291073591431538e-04
9.154540901525306303e-04
9.301226480789531563e-04
9.433822776179246221e-04
9.574687720507722190e-04
9.715691764993766725e-04
9.852213362690951347e-04
9.985267870364425424e-04
1.012605991728412038e-03
1.025966710633232715e-03
1.040493081419978372e-03
1.054678359280234335e-03
1.068330333087175177e-03
1.082344934310241211e-03
1.095943164874484555e-03
1.109682429609184021e-03
1.123583630730530568e-03
1.137579710060957622e-03
1.151038505734631534e-03
1.165002339119440046e-03
1.179286549177325670e-03
1.192851046093730809e-03
1.207333269317098241e-03
1.221031845396080640e-03
1.235036107088717788e-03
1.248759490602218900e-03
1.262931230372272163e-03
1.276532696688844129e-03
1.290493777824545637e-03
1.304120832619301605e-03
