-4.558351697154240352e-04
-5.591139599974979165e-04
-6.794938254463260725e-04
-8.001809397175940492e-04
-9.205070552210919011e-04
-1.040928321146842184e-03
-1.159889188038957988e-03
-1.280916768226908085e-03
-1.401516134317529975e-03
-1.523664503157894133e-03
-1.644780612667564017e-03
-1.766372399894106104e-03
-1.887836786731198141e-03
-2.009073377952233855e-03
-2.129061631342630320e-03
-2.250926892339460451e-03
-2.372479734103883839e-03
-2.493985633009479681e-03
-2.616126599608237496e-03
-2.738811277591693839e-03
-2.860724485771590306e-03
-2.983141864718962151e-03
-3.105592683943740086e-03
-3.227414089448844229e-03
-3.350409735974140078e-03
-3.471504196716901705e-03
-3.593347102200137883e-03
-3.715628525403439839e-03
-3.837813719465864304e-03
-3.961253500487520868e-03
-4.083801627571801568e-03
-4.204834787338853144e-03
-4.328750878429678955e-03
-4.453791961455839769e-03
-4.576049429666205828e-03
-4.699543481393907846e-03
-4.822901465785958512e-03
-4.945541060770286719e-03
-5.069146369305243573e-03
-5.191143271171638589e-03
-5.314987013720133720e-03
-5.440397725263074018e-03
-5.563950660148878069e-03
-5.688369954880136310e-03
-5.812539991214400736e-03
-5.936123799771223820e-03
-6.059837314943526329e-03
-6.182511689304245536e-03
-6.307522828589236588e-03
-6.432049176844825689e-03
-6.556432836664231878e-03
-6.680948174550398362e-03
-6.807543728313820812e-03
-6.934958624669480820e-03
-7.062559618586723015e-03
-7.190549769547592389e-03
-7.320632299868156875e-03
-7.449821056011288190e-03
-7.579213466791571117e-03
-7.707369926406814481e-03
-7.838140270041633537e-03
