9.837839024908821665e-04
9.704357458214459041e-04
9.541270163255519479e-04
9.379006975570480147e-04
9.215706863744420113e-04
9.054698253814499279e-04
8.898947187851839486e-04
8.740727520642079364e-04
8.575243803583278666e-04
8.411409417244659729e-04
8.252080274689180001e-04
8.094961897561019342e-04
7.933198755102219496e-04
7.770406873766520176e-04
7.614297888527338850e-04
7.447587125965459938e-04
7.289488377430200158e-04
7.127778067130719365e-04
6.962376574770579810e-04
6.808930776830080444e-04
6.643217872375918988e-04
6.480699825330780419e-04
6.321611776009379785e-04
6.160936157506159260e-04
6.002744394605899134e-04
5.843705456869219359e-04
5.689149067410620170e-04
5.524054150397519772e-04
5.358472954284200030e-04
5.201008563718240510e-04
5.038154920844181489e-04
4.876448703176760224e-04
4.715348195054219803e-04
4.559186749713179678e-04
4.392885994472219761e-04
4.225580684089259463e-04
4.071739389068779582e-04
3.911218174411460477e-04
3.744013319542700163e-04
3.590032130917260051e-04
3.426734995550879872e-04
3.261631149158740451e-04
3.098600778991180012e-04
2.934437493857919754e-04
2.779470725020939692e-04
2.612919575109400321e-04
2.457294264568219821e-04
2.298140361076399956e-04
2.138105053461840214e-04
1.975423673191760118e-04
1.820181209776919936e-04
1.656598706338719838e-04
1.492277668842420220e-04
1.333732451355160240e-04
1.168668415111240099e-04
1.008168035671679980e-04
8.489196295850201122e-05
6.923158079240401299e-05
5.230609164506800295e-05
3.605439855779199833e-05
2.006943346359000378e-05
