-4.358665645043001405e-06
-4.482403893448999562e-06
-4.416402715824498882e-06
-4.502840806317497924e-06
-4.598659774848498837e-06
-4.613959540219998574e-06
-4.644559070962998893e-06
-4.292738918831498717e-06
-4.502691903491498553e-06
-4.458877246940999007e-06
-4.740787522265498077e-06
-4.412494016641997608e-06
-4.531430148909499112e-06
-4.423363922939998272e-06
-4.325050832073497731e-06
-4.160401532223998773e-06
-4.427719330600498506e-06
-4.287006160030498372e-06
-4.254508118255997604e-06
-4.078430526510996953e-06
-4.096149962804997478e-06
-4.106684837744497863e-06
-4.090491655416998513e-06
-3.923087653286498487e-06
-4.204588445839497592e-06
-4.023299255184499478e-06
-4.211102944477000563e-06
-3.802401912813500563e-06
-4.039082954740499710e-06
-4.118150355346499398e-06
-4.088407015852998850e-06
-3.971741651681998763e-06
-3.860511240659999432e-06
-3.927815318011997996e-06
-3.878751836844998603e-06
-3.675499479355000527e-06
-3.853252227892499607e-06
-3.949927387672999444e-06
-4.032829036048500721e-06
-3.850869782676501202e-06
-3.898779266942000388e-06
-3.967609598260498433e-06
-3.641698537852998063e-06
-3.876667197281000633e-06
-3.858017118324501499e-06
-4.046416418921000068e-06
-3.845918763712003484e-06
-4.270477946344502979e-06
-3.927740866599002545e-06
-4.048575509898001111e-06
-4.065475980649000861e-06
-3.775599404133500296e-06
-3.954394472453000054e-06
-3.681827849460000473e-06
-3.940062575450499617e-06
-3.955957952126002766e-06
-3.626733803840002841e-06
-3.708034746836002410e-06
-3.835718920131003378e-06
-3.757693839307002675e-06
-4.031972844799001797e-06
