-3.807112247444507645e-06
-4.736644118475507195e-06
-5.774704552379507556e-06
-6.716638623629008590e-06
-7.655071773495508109e-06
-8.835738887990007118e-06
-9.629032775840008966e-06
-1.063841544947900825e-05
-1.164820780540750921e-05
-1.262518833433150845e-05
-1.378257804601350865e-05
-1.491546130801451010e-05
-1.586342888207300744e-05
-1.699839779936601047e-05
-1.817481911558750801e-05
-1.925515131299900706e-05
-2.047701011951050904e-05
-2.166773307202000923e-05
-2.290758065542501030e-05
-2.401186064485000813e-05
-2.521681074595851098e-05
-2.649334351619601018e-05
-2.746037993863851163e-05
-2.858533026176101179e-05
-2.993024273050051088e-05
-3.096040746937050910e-05
-3.226018039857600711e-05
-3.337961863271250756e-05
-3.469428909971800480e-05
-3.565566445779650654e-05
-3.708910554491250789e-05
-3.820753819524751177e-05
-3.934664117928001121e-05
-4.063237317910901332e-05
-4.178231412189100204e-05
-4.292938728864651463e-05
-4.439094747836001115e-05
-4.566487317948250371e-05
-4.688527947605850916e-05
-4.815261301670451221e-05
-4.947018850358100931e-05
-5.076672121831501088e-05
-5.189990243107200723e-05
-5.328157457433301122e-05
-5.474291130097950776e-05
-5.587910926514101412e-05
-5.709780234487001288e-05
-5.885388685688951470e-05
-5.994230096855751334e-05
-6.163518267646050821e-05
-6.311361432773251404e-05
-6.466094709132950958e-05
-6.632824227806100915e-05
-6.781289365136450450e-05
-6.970480646427550954e-05
-7.160364663226350746e-05
-7.323265514684900899e-05
-7.558765792227301072e-05
-7.735469212457552553e-05
-7.929070164937451477e-05
-8.178026643497701979e-05
