8.383123024404796979e+02
8.278147128401692498e+02
8.173392618758831532e+02
8.068068467848302134e+02
7.963021608944542322e+02
7.858214026207912184e+02
7.753201456100687210e+02
7.647814989029499202e+02
7.543527999673318618e+02
7.438633204128107081e+02
7.333922524512121299e+02
7.229129551784450314e+02
7.123848783655625994e+02
7.018880341738724837e+02
6.913627451892301679e+02
6.808545260619936244e+02
6.702719896953088892e+02
6.597746833502741310e+02
6.493351014487990369e+02
6.388321299982496839e+02
6.283840504385025270e+02
6.178770686895759354e+02
6.073691030012704459e+02
5.968767759858196769e+02
5.862909598212053197e+02
5.758427460879066757e+02
5.653510899402141376e+02
5.548545140956274508e+02
5.442830097765237269e+02
5.338263878339874964e+02
5.233498485731156507e+02
5.128609206209736158e+02
5.023890625262375238e+02
4.919073203131957257e+02
4.813923477838589520e+02
4.709093383761625091e+02
4.604009254426846951e+02
4.499090605805785117e+02
4.393882440476583042e+02
4.288950672663803516e+02
4.184008767293786946e+02
4.079073868764802455e+02
3.973963799210035859e+02
3.869166950357538894e+02
3.765014581798192239e+02
3.659841450674145449e+02
3.554986161785813010e+02
3.450534437124535998e+02
3.345044805500290863e+02
3.240050572445126136e+02
3.135121935348552711e+02
3.030691529373817161e+02
2.925875598060638936e+02
2.820830677219292397e+02
2.715802900776211573e+02
2.611008586313024011e+02
2.506064444717147239e+02
2.401703510825827834e+02
2.296912028915396888e+02
2.191923460965747381e+02
2.086383737882214859e+02
1.981977781310226874e+02
1.877101024653628656e+02
1.772165827961195816e+02
1.666611942113877092e+02
1.562249815568764859e+02
1.457384240041471912e+02
1.352436520484217510e+02
1.248285791823834643e+02
1.143342991963474446e+02
1.038396465060012304e+02
9.334125186438087951e+01
8.284795581772370099e+01
7.234449239748499849e+01
6.193278877841070340e+01
5.143786774096116687e+01
4.087089550626914303e+01
3.037557194816460537e+01
1.994727553320144509e+01
9.456677865749901102e+00
-3.212495279627553546e-01
