1.676592434994307756e+09
1.676592437119506836e+09
1.676592439216459036e+09
1.676592441322355747e+09
1.676592443445260763e+09
1.676592445547466993e+09
1.676592447638431549e+09
1.676592449726699829e+09
1.676592451877156496e+09
1.676592453983092070e+09
1.676592456076462030e+09
1.676592458168497562e+09
1.676592460274284601e+09
1.676592462368496180e+09
1.676592464521769047e+09
1.676592466641949177e+09
1.676592468734303236e+09
1.676592470826455355e+09
1.676592472903007030e+09
1.676592475004808664e+09
1.676592477084338665e+09
1.676592479190096855e+09
1.676592481266758919e+09
1.676592483358237028e+09
1.676592485448214054e+09
1.676592487566451788e+09
1.676592489672772646e+09
1.676592491844298840e+09
1.676592493934252501e+09
1.676592496022000790e+09
1.676592498143121719e+09
1.676592500247477531e+09
1.676592502352998495e+09
1.676592504521970034e+09
1.676592506626463175e+09
1.676592508714305639e+09
1.676592510817472696e+09
1.676592512920962334e+09
1.676592515011115551e+09
1.676592517118492126e+09
1.676592519255264282e+09
1.676592521364310265e+09
1.676592523468483210e+09
1.676592525556261301e+09
1.676592527660956144e+09
1.676592529811983347e+09
1.676592531904299021e+09
1.676592533996463060e+09
1.676592536101987600e+09
1.676592538206464052e+09
1.676592540310934782e+09
1.676592542412977934e+09
1.676592544517479420e+09
1.676592546667478323e+09
1.676592548775308609e+09
1.676592550896466017e+09
1.676592553016466856e+09
1.676592555123003483e+09
1.676592557246456861e+09
1.676592559345260382e+09
1.676592561435260773e+09
1.676592563510941505e+09
1.676592565691602707e+09
1.676592567792720795e+09
1.676592569894910574e+09
1.676592571970952511e+09
1.676592574076257229e+09
1.676592576166464090e+09
1.676592578318493843e+09
1.676592580425045252e+09
1.676592582528367519e+09
1.676592584623092890e+09
1.676592586712912560e+09
1.676592588804320097e+09
1.676592590957487345e+09
1.676592593047711372e+09
1.676592595141805172e+09
1.676592597232001305e+09
1.676592599324295759e+09
1.676592601426046133e+09
1.676592603532998323e+09
