2.200069788425620173e-03
2.159948669988579883e-03
2.120871674401090395e-03
2.081321938699900488e-03
2.042332790881570305e-03
2.003797399125129951e-03
1.964974640937369992e-03
1.927677679384300373e-03
1.890559763496339925e-03
1.854158774741440120e-03
1.817871318061090036e-03
1.781645652608200006e-03
1.747397678670340121e-03
1.712263782314679943e-03
1.678102539437050043e-03
1.644963085230370008e-03
1.611554876407870172e-03
1.579107037265170283e-03
1.546093026694959948e-03
1.514918980205079944e-03
1.483315745249770340e-03
1.452413803502500050e-03
1.421260230009669875e-03
1.391974910556730092e-03
1.360799002885300065e-03
1.330954212258430094e-03
1.302027728608330008e-03
1.273034986895049984e-03
1.243351374590410084e-03
1.215533410671490065e-03
1.187728102787110078e-03
1.159365557146660279e-03
1.131845010039430038e-03
1.104415288591840179e-03
1.077721478329120037e-03
1.050837083075680011e-03
1.023528338428840185e-03
9.978484998745601117e-04
9.709726660562499351e-04
9.452116799863899497e-04
9.196796192471800788e-04
8.941814320121800131e-04
8.688243223386699987e-04
8.435945174831800328e-04
8.190153816975701212e-04
7.938648631761100437e-04
7.692596708488000151e-04
7.454585089510900979e-04
7.206296026014701083e-04
6.960154766027198785e-04
6.722005419615399583e-04
6.480550614770799658e-04
6.241738687727199988e-04
6.007043694272200165e-04
5.766921495417399535e-04
5.537486201022700540e-04
5.295875056927900346e-04
5.061950592634599988e-04
4.830736008678100852e-04
4.598211152910400214e-04
4.369311878802099739e-04
4.132148958611800166e-04
3.902635494591999953e-04
3.674700312526599688e-04
3.439607026219899748e-04
3.214024377633700248e-04
2.987887096945599820e-04
2.761176572340100395e-04
2.533702963299099865e-04
2.309467810155100447e-04
2.086386589572100094e-04
1.859690954419000101e-04
1.637949784552000115e-04
1.417611945573700113e-04
1.205519140861899919e-04
9.848500115677000905e-05
7.675570656051999125e-05
5.482652106580000463e-05
3.397421521591000449e-05
1.285985500378000028e-05
-6.389601295249999154e-06
