4.009100912136000499e-05
3.886867284155999579e-05
3.829080731871999397e-05
3.700112161223999296e-05
3.606827623827999298e-05
3.558752784451999521e-05
3.440723844435999149e-05
3.368388327603999882e-05
3.274806113183999288e-05
3.235996471179999358e-05
3.086264928107999492e-05
3.017166648911999682e-05
2.943752052868000031e-05
2.882393376296000145e-05
2.812178808259999623e-05
2.732624623595999950e-05
2.694187077871999919e-05
2.609981689707999820e-05
2.562464994751999890e-05
2.459357115563999858e-05
2.434017358895999985e-05
2.349142197427999391e-05
2.258536753247999680e-05
2.190480343635999586e-05
2.173363914755999844e-05
2.077958428563999747e-05
2.035390614131999824e-05
1.966813269727999872e-05
1.880040417231999795e-05
1.873714780471999824e-05
1.770792949423999742e-05
1.769453402815999768e-05
1.652838428664000028e-05
1.609563631299999620e-05
1.559144585359999803e-05
1.488223034391999812e-05
1.431962076855999893e-05
1.383812818223999796e-05
1.306379582355999885e-05
1.271588580175999876e-05
1.200555400323999746e-05
1.180648249343999749e-05
1.102805707567999949e-05
1.033670218743999979e-05
9.875674896519998338e-06
9.332042231439997363e-06
8.885154599159998830e-06
8.867666073999998512e-06
7.816121986719996994e-06
7.112115824959996511e-06
6.933509610559997735e-06
6.796206083239997871e-06
5.985780385399997581e-06
5.089400446879996143e-06
5.180936131759996617e-06
4.903724403159996752e-06
4.310975029119998146e-06
3.819807939519997277e-06
3.048452351079997777e-06
2.655518679399998522e-06
2.332167012079998098e-06
1.581276719039998529e-06
1.911698215679998297e-06
8.389446404399986398e-07
8.132699971199984346e-07
2.897305311599986026e-07
1.222872051599985061e-07
-4.920437531200017113e-07
-1.407028505640001786e-06
-1.653728339280002340e-06
-1.550657669720002044e-06
-1.746380313000002087e-06
-2.976902710960002279e-06
-3.430115980000002053e-06
-3.651885362880002623e-06
-4.329844785040002579e-06
-4.454124942560002602e-06
-4.909942885560002937e-06
-5.356086325280001672e-06
-6.282233966200003471e-06
-6.149767690520003137e-06
