3.622245558459999989e-05
3.490325709202499746e-05
3.435994826292499749e-05
3.377123965495500548e-05
3.310624453331000093e-05
3.289264229502000244e-05
3.186854236510000256e-05
3.124076017695500627e-05
3.079271645761500251e-05
3.025982724989499916e-05
2.908724771531000339e-05
2.853277500616000027e-05
2.766757430228500305e-05
2.730028264864000360e-05
2.721729780693500341e-05
2.614444893413000239e-05
2.577790153915499930e-05
2.528222526493500421e-05
2.455247963900000373e-05
2.358494336800000244e-05
2.292850722105999850e-05
2.260810386362500416e-05
2.231151678363000210e-05
2.113447169702500439e-05
2.080997491690500122e-05
2.038388682833000727e-05
1.966977063446500172e-05
1.959794967281000129e-05
1.852063524798500173e-05
1.809045373672500234e-05
1.726023319034000395e-05
1.693387576354500476e-05
1.606867505967000078e-05
1.597452633791500421e-05
1.575757493561000342e-05
1.515472541291000243e-05
1.416114008846000282e-05
1.441976997628500194e-05
1.313964506388500209e-05
1.265103924703000132e-05
1.251335139308000193e-05
1.172815849623000249e-05
1.155474622612000282e-05
1.073792233579500178e-05
1.081272033213000293e-05
9.611858968085001086e-06
9.001938988020002393e-06
9.013102868070002160e-06
8.170974182965002548e-06
7.555100133540002398e-06
7.381687863430002737e-06
6.992812708355002656e-06
6.573795077145002186e-06
6.024532178685001607e-06
5.922196611560002611e-06
5.278784991345002922e-06
4.688959995370002794e-06
3.965168438795002070e-06
3.360458269420002111e-06
3.594527621135002004e-06
2.701789346470001865e-06
1.980974824575001446e-06
1.653873139110001870e-06
1.576098108095001684e-06
1.234483378565002156e-06
2.982059717050019508e-07
1.650406511000181069e-08
-1.516983943099981365e-07
-9.238667644349978872e-07
-1.038110470279998103e-06
-1.217476809749997950e-06
-2.119890447124997915e-06
-2.860427823774998290e-06
-2.957925709544998432e-06
-3.386246574129998425e-06
-3.664971446044998234e-06
-4.463188869619997689e-06
-4.778754545699997830e-06
-5.226426135704997477e-06
-5.638745438884997579e-06
-6.180193621309998998e-06
