1.931817720881715168e-03
1.896658041919935256e-03
1.862444356608455214e-03
1.827767730309840270e-03
1.793293338086860431e-03
1.759798831412675603e-03
1.725564289548275291e-03
1.692893616714430394e-03
1.660358139036120307e-03
1.628196217118145234e-03
1.596232432452910450e-03
1.564419857796345292e-03
1.533980463686495125e-03
1.503401777598215331e-03
1.473135194926845047e-03
1.443756877946800144e-03
1.413943180424550054e-03
1.385752569645610274e-03
1.356945945678640457e-03
1.329159430612525134e-03
1.301662672656620163e-03
1.274266845519310192e-03
1.247111986055915271e-03
1.220443531201690149e-03
1.194109153632630111e-03
1.167997866692125231e-03
1.142757713274475178e-03
1.117005084556505152e-03
1.091092679745630329e-03
1.067099450241840077e-03
1.042738996431280020e-03
1.018102938171420221e-03
9.936966744321252404e-04
9.701205759867349669e-04
9.463750180488701832e-04
9.228961260376250877e-04
8.996753338687650536e-04
8.764433685465550065e-04
8.538825373022351827e-04
8.317425615007650527e-04
8.094450442370599783e-04
7.873482712952100358e-04
7.655993558609900350e-04
7.436780014267351446e-04
7.218009671674350961e-04
7.005511192495150969e-04
6.790241771285150576e-04
6.581475125324850800e-04
6.366816503164649020e-04
6.156917644331550386e-04
5.949152857788299678e-04
5.741157159409151015e-04
5.532874683427349994e-04
5.325407847640100355e-04
5.117099300967149810e-04
4.911610113322849866e-04
4.703964507082000778e-04
4.505767664190800598e-04
4.302613665596650874e-04
4.097634718622000837e-04
3.896193936874850754e-04
3.695151664263849906e-04
3.497446440120049972e-04
3.291279414505850470e-04
3.092408458029200662e-04
2.892736758895800286e-04
2.694465428315600381e-04
2.494108442443400040e-04
2.296790554282400086e-04
2.097856283270100350e-04
1.901033738240950303e-04
1.700803381440050091e-04
1.508003171616900109e-04
1.310882675831750077e-04
1.113255663761399935e-04
9.261202426867001390e-05
7.315695721720499758e-05
5.363187173807999162e-05
3.478648642107999838e-05
1.527108434152499531e-05
-2.397395489275007625e-06
