2.238806342672430231e-03
2.198934609113640214e-03
2.159234893754280547e-03
2.119919799174165270e-03
2.080344070958550264e-03
2.041879759031460431e-03
2.002532271413789890e-03
1.965137302059780013e-03
1.928200303236720379e-03
1.890971767075665328e-03
1.854384761991705348e-03
1.818418064960235139e-03
1.783086196998090282e-03
1.747937889582090254e-03
1.713556962055755133e-03
1.680303833503605290e-03
1.645921416642210375e-03
1.613058493875780229e-03
1.580572745213295075e-03
1.548092209223520064e-03
1.516411446160965222e-03
1.484933605000335333e-03
1.453333638364785090e-03
1.422890140403325039e-03
1.392250050213945023e-03
1.361722404821594972e-03
1.332382504139595098e-03
1.302899627291835387e-03
1.273380634068870063e-03
1.244618595390150229e-03
1.216127615692349975e-03
1.188139658911065199e-03
1.160085054385845155e-03
1.131975344463405191e-03
1.104788649944400160e-03
1.077260897696655315e-03
1.049966226385800130e-03
1.023306756478035246e-03
9.965519691264301816e-04
9.702585033096600012e-04
9.441884377518899602e-04
9.184795359461700795e-04
8.926388279876399994e-04
8.669824252427851862e-04
8.418834061441351178e-04
8.164329039713250601e-04
7.911298459694550856e-04
7.664415110136000089e-04
7.413592469343748860e-04
7.168626638674949073e-04
6.920425227588300650e-04
6.680433776019900410e-04
6.436856750294550362e-04
6.193283447906850880e-04
5.950882996878900828e-04
5.714979770050200927e-04
5.474154290848200731e-04
5.234274539409300127e-04
4.992391632314699618e-04
4.756168198448100363e-04
4.519263393791550509e-04
4.285426619358600380e-04
4.049017018609499924e-04
3.818657841541650533e-04
3.582538661129250324e-04
3.346013636912999667e-04
3.111629531845499803e-04
2.885850060087150125e-04
2.652031902342450115e-04
2.423623754203200293e-04
2.194415088469200189e-04
1.965355356241200232e-04
1.736716361167650006e-04
1.509976268295600097e-04
1.291621131811350042e-04
1.069036283756700091e-04
8.467679194023000123e-05
6.239298843874499197e-05
4.039848827266499814e-05
1.860058033450499794e-05
-7.924238155200039220e-07
