1.129054534729979609e-07
1.889955593944978615e-07
2.044519441019980055e-07
1.339484832554980996e-07
1.480640731449978743e-07
2.767803756729979097e-07
2.877302000199980050e-07
4.379364639364979404e-07
4.952554424059979119e-07
5.009165760819980124e-07
2.241169347659980660e-07
3.203562072579980267e-07
3.871352380544980421e-07
3.740252442784980546e-07
3.962973359774980333e-07
4.087369323444979684e-07
3.723492507559979239e-07
4.707486926769980413e-07
4.232994538399980868e-07
3.066503046739980398e-07
1.767049402294979527e-07
2.355637657349796060e-08
6.955308769099793634e-08
4.400349754799803363e-08
2.550669484814979040e-07
1.305592519099979969e-07
2.393126093699978927e-07
4.493332198894979295e-07
4.222938577264979025e-07
3.562224686394980188e-07
3.425538103559980054e-07
4.320518644574979990e-07
1.265368674559980008e-07
3.997238116234980300e-07
4.518285880229980594e-07
3.856827103349980699e-07
5.917554250014979517e-07
4.195377794894980110e-07
3.438946051739982159e-07
2.696667142774978900e-07
4.815122955214980574e-07
5.056466022454980343e-07
3.857944432364979375e-07
3.427772761589979523e-07
3.758502150029978676e-07
4.305620924374980004e-07
7.071382679504981058e-07
5.889993467644981132e-07
7.452391873619979898e-07
5.439709874599980769e-07
3.697421497209979264e-07
2.954397702234980241e-07
3.935412577404980359e-07
5.130209737444980802e-07
5.142127913604980790e-07
1.897032011039979667e-07
3.911576225084980382e-07
3.500026704559979453e-07
3.401701751239980606e-07
