1.828247113871846463e-01
4.683274160195995961e+00
9.936480937980617156e+00
1.518821387453648697e+01
2.044127758987625398e+01
2.569001962719439547e+01
3.086758660796396470e+01
3.612941736875242782e+01
4.137058752812993134e+01
4.667940536065006540e+01
5.193456136424583036e+01
5.718193387670125816e+01
6.242539601566400620e+01
6.767200105771215135e+01
7.285532779212087462e+01
7.811346277308395258e+01
8.335934356150501401e+01
8.860486520358014673e+01
9.384713217503485794e+01
9.910297368617888480e+01
1.043426059242741815e+02
1.095877967344456039e+02
1.148374239706412538e+02
1.200931790482248402e+02
1.253370450405475509e+02
1.305241316348351290e+02
1.357534738085375352e+02
1.410038148667237010e+02
1.462491263858329660e+02
1.515007520255551583e+02
1.567453571738429616e+02
1.619255603782057165e+02
1.671813392995300944e+02
1.724928797892038688e+02
1.777351348387881842e+02
1.829875175172810771e+02
1.882337261571382498e+02
1.934824726651577862e+02
1.987136403752659533e+02
2.039046552258517693e+02
2.091613312679240551e+02
2.144730163102765061e+02
2.197178390326991746e+02
2.249737386629614093e+02
2.302212527476278581e+02
2.354607970619289574e+02
2.407036243612926398e+02
2.458923368006566648e+02
2.511497743522010921e+02
2.563961528787115753e+02
2.616442779592362058e+02
2.668765588739933605e+02
2.721328727892521897e+02
2.773791246458895330e+02
2.826350525905940003e+02
2.878868570583722999e+02
2.931360953435460033e+02
2.983822533154539656e+02
3.036358877903393818e+02
