8.593408764952859599e-04
7.924707287692639912e-04
7.139004900986221187e-04
6.352717267895220893e-04
5.566835177435620896e-04
4.778781759639460450e-04
4.010796005063319838e-04
3.225062737587720179e-04
2.439786728730459922e-04
1.637990996591739881e-04
8.531220185957199837e-05
6.093541447642002141e-06
-7.227329340961800353e-05
-1.512724771258940081e-04
-2.287993550614579802e-04
-3.078995895838699940e-04
-3.875429535863900241e-04
-4.668968940907759812e-04
-5.455793080856079441e-04
-6.247795888590139618e-04
-7.042522528988860156e-04
-7.836366277035000617e-04
-8.631732484207459534e-04
-9.427221842399180311e-04
-1.022481853404433707e-03
-1.101471065980781736e-03
-1.180798553199761871e-03
-1.261383259781828029e-03
-1.341471492889269876e-03
-1.422147130314559832e-03
-1.503258893494461949e-03
-1.583729117996085642e-03
-1.665774447754619914e-03
-1.748243364931363793e-03
-1.830557952673700145e-03
-1.912690939169810157e-03
-1.994462918312481844e-03
-2.076160039494202251e-03
-2.157740185810498069e-03
-2.238373706331316451e-03
-2.320768881719488183e-03
-2.403756409789725972e-03
-2.485356796031846106e-03
-2.567204935336580337e-03
-2.649076663084278666e-03
-2.731418336609702565e-03
-2.813856782280472167e-03
-2.894407594427932107e-03
-2.978268229739552096e-03
-3.060421939836183939e-03
-3.143262468003975817e-03
-3.225759587136188111e-03
-3.307956232663704192e-03
-3.391190248801191978e-03
-3.474515679456602162e-03
-3.558137342261664601e-03
-3.642951970106469723e-03
-3.728685579877476144e-03
-3.814973666881120353e-03
