-3.317695459047179563e-04
-3.766224803878280548e-04
-4.300133240069520506e-04
-4.826255559612679978e-04
-5.358000978972819826e-04
-5.885530468364999707e-04
-6.406184428418220484e-04
-6.938278013514200589e-04
-7.468683589946460005e-04
-8.002099163317199972e-04
-8.528898099819219331e-04
-9.058114481959299866e-04
-9.589818240462160553e-04
-1.011707247061873925e-03
-1.063962274362207977e-03
-1.117230032466386006e-03
-1.169605541478085887e-03
-1.222804298787393993e-03
-1.276175613879667855e-03
-1.329133407766244085e-03
-1.382199147909808070e-03
-1.434791851337274262e-03
-1.488107333441354187e-03
-1.541244417803010061e-03
-1.594249563717547958e-03
-1.646064585410055969e-03
-1.698940173497891963e-03
-1.752347197896406096e-03
-1.804698751915169864e-03
-1.857150961540897805e-03
-1.910352992203278016e-03
-1.962846118742405960e-03
-2.015169068118984226e-03
-2.068744149439990295e-03
-2.121955628189645723e-03
-2.173899612553752050e-03
-2.226907845835391503e-03
-2.279424183423576188e-03
-2.332378071604781968e-03
-2.384095971423755810e-03
-2.437422240714095644e-03
-2.490850281527220121e-03
-2.543520727090146406e-03
-2.596365850676096189e-03
-2.649413178208629479e-03
-2.702240447141459993e-03
-2.754908437689582417e-03
-2.806945080263942120e-03
-2.860159274408760176e-03
-2.912613306696993851e-03
-2.965056626193356484e-03
-3.017610421355898086e-03
-3.069892416621882239e-03
-3.122933234645465864e-03
-3.175869156581970047e-03
-3.228609570066810069e-03
-3.281838085131317823e-03
-3.334449089578232165e-03
-3.387432809909026246e-03
