-1.571761106846752661e-03
-1.531834499570599445e-03
-1.485202085811109874e-03
-1.438837950482397101e-03
-1.393273474776082592e-03
-1.345944877557849265e-03
-1.301049515439469404e-03
-1.252954174370220003e-03
-1.207284323513440520e-03
-1.160131363957660677e-03
-1.113614788393610996e-03
-1.067484451852803058e-03
-1.021268921550771112e-03
-9.747983684905996062e-04
-9.290959742127932351e-04
-8.824515707718720656e-04
-8.360388809568677785e-04
-7.894760594787271751e-04
-7.434439861966036459e-04
-6.973560231261946400e-04
-6.510639003561391556e-04
-6.043856502679485721e-04
-5.581263687992042179e-04
-5.114277883816307655e-04
-4.650619774763205456e-04
-4.190924962888725519e-04
-3.733758037574340448e-04
-3.272764095311264470e-04
-2.805818877324225274e-04
-2.339918102082960054e-04
-1.875946101680595177e-04
-1.418047880268990645e-04
-9.555116628355050771e-05
-4.858628089208100333e-05
-2.012772958752001330e-06
4.408721702812349978e-05
9.062628255361502270e-05
1.364453341976430418e-04
1.827009666329085051e-04
2.281370559368190885e-04
2.743805125154759805e-04
3.213297591920355445e-04
3.682314194932261313e-04
4.145047758053896033e-04
4.604337825092490221e-04
5.065168305549720609e-04
5.527895911065674843e-04
5.993774345285640681e-04
6.447645597607920076e-04
6.915889201282845794e-04
7.374941708794951209e-04
7.840891634283076372e-04
8.304036644546985762e-04
8.769224741208781143e-04
9.232835934117150601e-04
9.687388959939435568e-04
1.015884892598085173e-03
1.062238043591325499e-03
1.108268590236993322e-03
