7.063089324614921357e-04
7.771597836825492244e-04
8.603371404176381014e-04
9.420010576843212231e-04
1.023910817742859159e-03
1.105739423645296258e-03
1.186358192909873609e-03
1.268767263025999273e-03
1.351066801066177310e-03
1.434011220826169643e-03
1.516500366514286638e-03
1.598582216527123139e-03
1.681058753938925645e-03
1.763057441397664028e-03
1.844211597498664158e-03
1.927537017797198611e-03
2.009513984803524850e-03
2.092389709913509109e-03
2.175177809362735179e-03
2.257568580741554400e-03
2.340062226728887359e-03
2.422861558329874199e-03
2.506077334974794648e-03
2.589087920291022107e-03
2.672148566786952065e-03
2.754580435939599052e-03
2.837099149709338720e-03
2.920025047576691856e-03
3.003588239882537623e-03
3.086914292454515964e-03
3.170185709162464272e-03
3.252054594602507738e-03
3.336261590044058839e-03
3.420511170961657368e-03
3.504600675120383719e-03
3.587928922053136311e-03
3.672114011079497756e-03
3.756137349681990065e-03
3.839932995459711083e-03
3.922877861530369575e-03
4.006898224728419958e-03
4.092734402871093906e-03
4.176547454764789266e-03
4.261105771085593220e-03
4.345251919506345692e-03
4.429988908863772591e-03
4.514378668523050600e-03
4.598545310041883549e-03
4.683612011403817318e-03
4.767974248572026154e-03
4.853194703958395827e-03
4.938366957792838553e-03
5.023474124655155984e-03
5.109337676518676402e-03
5.194885984281779993e-03
5.281530840158689573e-03
5.369739457031596705e-03
5.457541075769667231e-03
5.547663584356049213e-03
