-4.508387436586000748e-06
-4.938046541008999026e-06
-5.284394514284999451e-06
-5.749604168415499154e-06
-5.959966635846998954e-06
-6.279661003268999330e-06
-6.533019161707998747e-06
-7.062927093735498705e-06
-7.443746071230498340e-06
-7.754952977570498998e-06
-8.233377757508500468e-06
-8.530736701030497797e-06
-8.906120725376499218e-06
-9.417304127034499509e-06
-9.792613699967499550e-06
-1.016200438556699834e-05
-1.052465721829000103e-05
-1.094798795260799809e-05
-1.143296445688999899e-05
-1.178292332369649856e-05
-1.225516863635549903e-05
-1.256685947688000103e-05
-1.296446724800650089e-05
-1.339505699509199862e-05
-1.392124235646950075e-05
-1.436329762115699918e-05
-1.461058798943649882e-05
-1.518431057801450256e-05
-1.570431647211300538e-05
-1.609254336520150083e-05
-1.641689094593599849e-05
-1.695763155855500265e-05
-1.753630516609749987e-05
-1.813928715998449858e-05
-1.861451052916350172e-05
-1.938444981670300234e-05
-2.017724568803350296e-05
-2.104147769013750078e-05
-2.183959683749750347e-05
-2.294542367478650551e-05
-2.409956947911250162e-05
-2.535161889153349915e-05
-2.658635835043200290e-05
-2.792056489709850316e-05
-2.932185216687800293e-05
-3.090312572758500547e-05
-3.229454818514200710e-05
-3.372412699186150254e-05
-3.527249302802250519e-05
-3.676133515949000775e-05
-3.841743239026200419e-05
-3.990698181015300800e-05
-4.190399206105200242e-05
-4.442551251653600181e-05
-4.740948792386950661e-05
-5.194089872470150529e-05
-5.759820101862600679e-05
-6.465705116227552136e-05
-7.288024695383202452e-05
