-3.493295613687507574e-06
-3.603276686496007888e-06
-3.512103755160007461e-06
-3.424953159030008522e-06
-3.420521141534507478e-06
-3.370465414526507916e-06
-3.350837908475008071e-06
-3.334562348428507632e-06
-3.367783857722507630e-06
-3.319702054473007544e-06
-3.169311410382007175e-06
-3.233854992900507692e-06
-3.125773356161507704e-06
-3.285214254466008034e-06
-3.262607240854507071e-06
-3.185996652718007594e-06
-3.060261433686007661e-06
-3.115605786613007376e-06
-3.001080964775507295e-06
-2.992142442095507328e-06
-3.046146016620507111e-06
-2.942123958932007340e-06
-3.017058574066008173e-06
-3.031360210354007019e-06
-3.015904014886507808e-06
-3.030876040375506620e-06
-2.909014181171506913e-06
-2.944395833446506377e-06
-2.861081353300006820e-06
-2.893520741859506434e-06
-2.655867770105006710e-06
-2.795010773157007228e-06
-2.851435197574506465e-06
-2.751063036647006508e-06
-2.827114967116006436e-06
-2.829908255453506717e-06
-2.853967779000505912e-06
-2.859256404919506066e-06
-2.934228263898005626e-06
-3.020559495449004606e-06
-2.963129487230005421e-06
-2.951956333880006415e-06
-3.037579932385506702e-06
-2.942906079666506453e-06
-2.805811488062006677e-06
-3.044805238218505909e-06
-3.022980345341506177e-06
-2.999665698684505249e-06
-3.012440337348005021e-06
-3.095903792872505841e-06
-3.076462506043506410e-06
-3.095605842116506280e-06
-3.167151267401006015e-06
-3.114451227433505741e-06
-3.055084539300505808e-06
-3.072514658526506189e-06
-3.037281981629506293e-06
-2.952068065413504715e-06
-2.849870956105505698e-06
