-2.169544853400205557e-08
-1.618829956160020402e-07
-9.257135238550200083e-08
-1.057930790630020014e-07
-1.365568712760020116e-07
-3.923751406950196595e-08
-2.668618480100209048e-08
-1.492571777465021582e-07
-8.594186689650200719e-08
-3.019588097965019853e-07
-1.610263767045020411e-07
-6.545750162150198713e-08
-7.197525420900208676e-08
-1.577360475450205132e-08
-1.277299720575021259e-07
2.533537106584979586e-07
1.209796273497898067e-09
4.255096982849796223e-08
-3.514064101450206914e-08
3.163338228039980835e-07
3.113430865369978765e-07
8.515844960049794784e-08
2.195731301049980704e-07
-3.029888194950214658e-08
5.033502863299798124e-08
1.537996954219979747e-07
2.612495023644978981e-07
1.470584770314980605e-07
2.321989479744980583e-07
1.973755270069980123e-07
3.383824486999979565e-07
3.451236670904979765e-07
2.688845839669980231e-07
2.989407344704980208e-07
3.263152953379979680e-07
3.214362919724980521e-07
2.059044718214979247e-07
1.545445814319978681e-07
-2.609027599300208113e-08
9.175069078899799446e-08
1.052703718704979815e-07
-7.670528037250210869e-08
8.981398716299798308e-08
6.076343277299787859e-08
4.515807086349798620e-08
-9.404829369002057426e-09
-1.769747766502055029e-09
2.132415990199980500e-07
2.813742553499805877e-08
2.117274134149804229e-08
2.826277308514979835e-07
1.568537280629979453e-07
6.031650116699797167e-08
1.581200342799979970e-07
1.090320462209980441e-07
2.777487274859980146e-07
2.837078155659979030e-07
1.146559355964979593e-07
3.418834129469978472e-07
1.597587835019980219e-07
1.116391472559979489e-07
