1.821913620219463847e-01
4.693918900233400748e+00
9.944586319621867787e+00
1.519168760952559438e+01
2.044638462111077715e+01
2.569290322959848183e+01
3.087465776734762457e+01
3.612955298002827931e+01
4.137835909739985141e+01
4.668435740756932972e+01
5.194250282016901110e+01
5.719586011156749805e+01
6.244143689229324679e+01
6.768065335515819925e+01
7.286684729939921112e+01
7.812610293618031676e+01
8.336805248783548450e+01
8.861681836889445663e+01
9.386264550889870861e+01
9.911447233018401448e+01
1.043619536297068606e+02
1.096052443917825627e+02
1.148554528191604618e+02
1.201189988390533614e+02
1.253592092878633082e+02
1.305449695740683467e+02
1.357727097464351971e+02
1.410321352698695421e+02
1.462774736131872260e+02
1.515231368274733939e+02
1.567695883754400654e+02
1.619508421946322301e+02
1.672072529750880676e+02
1.725177368889972058e+02
1.777613867974188224e+02
1.830237793763501202e+02
1.882686199815784107e+02
1.935140149537804746e+02
1.987510884604402008e+02
2.039363674011276828e+02
2.091965305902932926e+02
2.145077745234407871e+02
2.197568235489218580e+02
2.250136307315686111e+02
2.302621015463350318e+02
2.355027024364007104e+02
2.407451571773143257e+02
2.459341184857229621e+02
2.511893251572679731e+02
2.564343013737720867e+02
2.616857466952044433e+02
2.669159517142774121e+02
2.721741939920741515e+02
2.774211164539217975e+02
2.826710298150071594e+02
2.879186869621184997e+02
2.931758920371900103e+02
2.984213302261723584e+02
3.036779183444504042e+02
3.088562200104836393e+02
3.141153653699635697e+02
