-3.310853035210879888e-04
-3.761557299975160280e-04
-4.293621499287879990e-04
-4.823595216297800275e-04
-5.357056542217160074e-04
-5.888063969248340246e-04
-6.411975287580140787e-04
-6.942220172134320501e-04
-7.469754497161720536e-04
-8.009685531033498970e-04
-8.536132582080280121e-04
-9.069718890571480110e-04
-9.595417534074980170e-04
-1.012614486623534009e-03
-1.064164069139657796e-03
-1.117466681014613961e-03
-1.170768809326048002e-03
-1.224254728973035939e-03
-1.276461362723975857e-03
-1.329587697096566148e-03
-1.382411729873517800e-03
-1.435218726335617994e-03
-1.488420905786774209e-03
-1.540993039165958070e-03
-1.594318452920835986e-03
-1.646212481453400130e-03
-1.698934445130015998e-03
-1.752119179097185982e-03
-1.805169519602433693e-03
-1.857669564819645859e-03
-1.909818505722691998e-03
-1.962156333976870087e-03
-2.015150023155656486e-03
-2.068231237331923881e-03
-2.121287417796629670e-03
-2.174238925357419808e-03
-2.227253110190099885e-03
-2.280178319334732161e-03
-2.333234202221886374e-03
-2.384837162711399804e-03
-2.438231242486401523e-03
-2.491554126832087792e-03
-2.544437191555917917e-03
-2.596785769799161807e-03
-2.650561418390215765e-03
-2.702744022753831785e-03
-2.755258165707570074e-03
-2.807589782030349857e-03
-2.860821235673184030e-03
-2.913161332956196517e-03
-2.965970040489220114e-03
-3.018468002663567563e-03
-3.071628818834995760e-03
-3.124199129551674323e-03
-3.177085913994903699e-03
-3.229931521144375605e-03
-3.282981378086102277e-03
-3.336042654566385903e-03
-3.388301847952448088e-03
-3.440814614610008225e-03
-3.494111312131118093e-03
