8.415609201853139999e-04
7.747404049244559438e-04
6.961589301185220225e-04
6.179959455435959838e-04
5.394231768822259094e-04
4.609857999305499868e-04
3.833971232508799902e-04
3.043581665921299721e-04
2.257734920920400170e-04
1.467297358920560159e-04
6.769289996082800283e-05
-1.141347350967399810e-05
-9.011925271299401350e-05
-1.684734004108679936e-04
-2.470258547349220009e-04
-3.261688758652339626e-04
-4.051554096278700144e-04
-4.839934180524740935e-04
-5.628149815373459982e-04
-6.422915893862940224e-04
-7.216210485098120339e-04
-8.004376636304659899e-04
-8.796372747004440945e-04
-9.594558405608780713e-04
-1.038647601218449772e-03
-1.118054597116632017e-03
-1.197440869414291998e-03
-1.277919614031749898e-03
-1.358783959000751766e-03
-1.439056025699179953e-03
-1.520258905751036048e-03
-1.600599244993373971e-03
-1.682040130202392151e-03
-1.765060362123363783e-03
-1.847591115249959740e-03
-1.929583315203205890e-03
-2.011535705008232408e-03
-2.093434258098795728e-03
-2.174992601847936229e-03
-2.255630921909988242e-03
-2.337286409861934373e-03
-2.420431095003276311e-03
-2.502070212426982156e-03
-2.584395850275880268e-03
-2.665669681685358186e-03
-2.748020098561091903e-03
-2.829785045817770177e-03
-2.911645872281890413e-03
-2.994263761265618298e-03
-3.076224745597969882e-03
-3.158964669428578325e-03
-3.241217309603824145e-03
-3.324307860384735983e-03
-3.406716467047213575e-03
-3.489553125817422292e-03
-3.571875526766418209e-03
-3.655729576660996221e-03
-3.739315745184374276e-03
-3.822868986622542011e-03
-3.906251825744029918e-03
-3.991101910664773995e-03
