7.284543842051905728e-04
8.004465261843206293e-04
8.823507073595335303e-04
9.638514980777936883e-04
1.046151705583970963e-03
1.128581343183287806e-03
1.209402960645562060e-03
1.291409979236732807e-03
1.373344026034012269e-03
1.455883418864609711e-03
1.538634660491335114e-03
1.621017472663277862e-03
1.703184791168653109e-03
1.785186044913721201e-03
1.866928401279953830e-03
1.949367299825590163e-03
2.031639017834254053e-03
2.114196635017046803e-03
2.196726990056658158e-03
2.279872435579127516e-03
2.361856580748665588e-03
2.444646167900111321e-03
2.527637375894923374e-03
2.610859512466834256e-03
2.694004772026526752e-03
2.776219957350830898e-03
2.858877994433473620e-03
2.942446244926867453e-03
3.025508044392017509e-03
3.108983015956217743e-03
3.192197565246806742e-03
3.274807772703076676e-03
3.358220372351702725e-03
3.443028882993355404e-03
3.526653071090221202e-03
3.610239694706032180e-03
3.694637450764742988e-03
3.778292769030562256e-03
3.862478899448477856e-03
3.945036405053604228e-03
4.029115048986124832e-03
4.114485873874381035e-03
4.198865591543673829e-03
4.283605593498096380e-03
4.367765391586717928e-03
4.451948249059748362e-03
4.536233757985960215e-03
4.620636609424774548e-03
4.705210546618887775e-03
4.789691428039141025e-03
4.874662916458994723e-03
4.959651810994822330e-03
5.045617344845524169e-03
5.131145754591434627e-03
5.215802631184313434e-03
5.301306159110594912e-03
5.387427343806064535e-03
5.473521117588131361e-03
5.559648736595702335e-03
5.645175918987280911e-03
5.733280805822898313e-03
