-1.572786634194493641e-03
-1.533575647065614977e-03
-1.486699418293670931e-03
-1.440445982725499985e-03
-1.393970886990997379e-03
-1.347598932304830324e-03
-1.301691819801844468e-03
-1.255163813081896411e-03
-1.208271014719155059e-03
-1.161446021356058855e-03
-1.115337243900805467e-03
-1.068972438341454344e-03
-1.022735795774293559e-03
-9.763239251300701764e-04
-9.299893916545800675e-04
-8.833538873871436088e-04
-8.368362320070646919e-04
-7.901809931708129791e-04
-7.443382228091717078e-04
-6.972983460562052344e-04
-6.513229817331480861e-04
-6.049390001305141734e-04
-5.585423213807745113e-04
-5.125222750151177311e-04
-4.655087234322496004e-04
-4.199918713363395991e-04
-3.739549202645655788e-04
-3.273847262493960247e-04
-2.812194260102535278e-04
-2.350245983879595084e-04
-1.890697505694629882e-04
-1.431630848869035210e-04
-9.655465049027551995e-05
-4.968996457933650736e-05
-3.554787483913501586e-06
4.206844510842000214e-05
8.854614729540750853e-05
1.352584674410805242e-04
1.810684337364464936e-04
2.270191112309670803e-04
2.730917334667500008e-04
3.203490628270365881e-04
3.660185785684965699e-04
4.126316301095265138e-04
4.595261040488655838e-04
5.055856567871881311e-04
5.523364034894970818e-04
5.978132651572800205e-04
6.442822171109250859e-04
6.900742361191800284e-04
7.362831758199286144e-04
7.827737240941634892e-04
8.288232233729011383e-04
8.751517992427109783e-04
9.209966920013761124e-04
9.672525478468546210e-04
1.014010294735837817e-03
1.060509332598166734e-03
1.106983720866994538e-03
1.152402942699823655e-03
1.198977977269608279e-03
