-4.445103735536000446e-06
-4.914222088848998882e-06
-5.354006585439999275e-06
-5.545160588317498912e-06
-6.066990542034498269e-06
-6.174237802460999181e-06
-6.610188051282498832e-06
-6.847278575980999215e-06
-7.045952171571498423e-06
-7.680538790276999133e-06
-8.147833083971497652e-06
-8.508326825717497607e-06
-8.852850739374998115e-06
-9.231250045947499502e-06
-9.538808833050499479e-06
-1.020727084467099853e-05
-1.034943581779450015e-05
-1.084621287103700117e-05
-1.128819368431149821e-05
-1.158480811370350038e-05
-1.203196330018149843e-05
-1.248883439605600033e-05
-1.273169490526199920e-05
-1.324030973317149933e-05
-1.380502370077649878e-05
-1.427384424843750017e-05
-1.466486306951350160e-05
-1.494092890891750080e-05
-1.557093676572350222e-05
-1.598112682564700144e-05
-1.642154415924850170e-05
-1.693321149509100079e-05
-1.743959278061050358e-05
-1.811322916543450025e-05
-1.869908733433150354e-05
-1.920189495202700449e-05
-2.022932445142700062e-05
-2.084012384367900527e-05
-2.198902082338850746e-05
-2.300967524420550342e-05
-2.412000639198100252e-05
-2.548462634085800219e-05
-2.670466164568899945e-05
-2.811719107883150424e-05
-2.948013587091600506e-05
-3.075895056631050556e-05
-3.238653290590349880e-05
-3.377564736965750172e-05
-3.531340407946601277e-05
-3.691265765641250457e-05
-3.851544767547650260e-05
-4.015888816603850847e-05
-4.211256769457150638e-05
-4.470641769778500597e-05
-4.780839859472350519e-05
-5.209475256966600835e-05
-5.711512302537550889e-05
-6.344818356939452774e-05
-7.122504314001601076e-05
-8.015999443985252911e-05
-9.067368795235403699e-05
