-3.516573016500007233e-06
-3.553854104844507447e-06
-3.387970021441507023e-06
-3.320595906741007921e-06
-3.523984541555508125e-06
-3.273705906515507774e-06
-3.221117598081507495e-06
-3.203166065032507564e-06
-3.030615333464007481e-06
-3.282123015372507768e-06
-3.305251442807007434e-06
-3.274115588805007330e-06
-3.215605509095507776e-06
-3.168454801958507643e-06
-3.213147415358507902e-06
-3.182942657469007326e-06
-3.005401250737506651e-06
-2.979963704944006679e-06
-3.202979845810007150e-06
-3.050093864137507333e-06
-3.110168185316007654e-06
-3.045363895886007575e-06
-2.960783125026507235e-06
-3.056052879257507876e-06
-3.075307946864008163e-06
-3.054786588544506670e-06
-2.975941369738006037e-06
-2.941043887441506125e-06
-2.973073593711504913e-06
-3.106034118576506595e-06
-2.960671393493006393e-06
-2.833446420681006960e-06
-2.926779494998006006e-06
-2.861491035589506375e-06
-2.924246913572006559e-06
-2.824545141845506567e-06
-2.921341893701006284e-06
-2.823316094977005783e-06
-2.999628454840005675e-06
-2.904991845965504154e-06
-3.044172092862006365e-06
-3.104320901729506682e-06
-3.070987660902006266e-06
-3.140708137806006095e-06
-3.083650568032005620e-06
-3.066704618784506062e-06
-3.199329949049006066e-06
-2.868753585267004310e-06
-3.183017145158004782e-06
-3.208938860930005152e-06
-3.131918590504006967e-06
-3.178845834574006265e-06
-3.149236978196506083e-06
-3.202756382743006315e-06
-3.162160592238005846e-06
-3.108157017713005639e-06
-3.137430679490005839e-06
-3.082607740386005250e-06
-3.112216596763504585e-06
-2.952812942303505101e-06
-3.062123625911004601e-06
